0 0.2074074074074074 0.11604938271604938 0.12777777777777777 0.13333333333333333
0 0.4912037037037037 0.12654320987654322 0.18425925925925926 0.09259259259259259
0 0.6398148148148148 0.02654320987654321 0.046296296296296294 0.050617283950617285
0 0.29907407407407405 0.35617283950617284 0.2037037037037037 0.18641975308641975
0 0.23657407407407408 0.6006172839506173 0.27685185185185185 0.3790123456790123
0 0.4185185185185185 0.21604938271604937 0.17037037037037037 0.08641975308641975
0 0.5606481481481481 0.22777777777777777 0.20833333333333334 0.0654320987654321
0 0.8074074074074075 0.23765432098765432 0.3037037037037037 0.10987654320987654
0 0.5375 0.2654320987654321 0.2064814814814815 0.08148148148148149
0 0.40925925925925927 0.30185185185185187 0.1537037037037037 0.12962962962962962
0 0.6768518518518518 0.30493827160493825 0.28703703703703703 0.09876543209876543
0 0.9013888888888889 0.3697530864197531 0.16574074074074074 0.22098765432098766
0 0.7027777777777777 0.49135802469135803 0.21296296296296297 0.35555555555555557
0 0.5263888888888889 0.47901234567901235 0.27685185185185185 0.32098765432098764
0 0.43425925925925923 0.3888888888888889 0.2574074074074074 0.20246913580246914
0 0.8347222222222223 0.717283950617284 0.2898148148148148 0.5604938271604938
0 0.5990740740740741 0.8530864197530864 0.29444444444444445 0.2938271604938272
0 0.3111111111111111 0.782716049382716 0.5685185185185185 0.4345679012345679
