0 0.5856481481481481 0.7420138888888889 0.4324074074074074 0.49930555555555556
0 0.8245370370370371 0.5190972222222222 0.3509259259259259 0.22013888888888888
0 0.9268518518518518 0.3767361111111111 0.14629629629629629 0.10347222222222222
0 0.737037037037037 0.4076388888888889 0.3388888888888889 0.08194444444444444
0 0.4689814814814815 0.32708333333333334 0.11944444444444445 0.0875
0 0.5458333333333333 0.36354166666666665 0.22685185185185186 0.10347222222222222
0 0.30092592592592593 0.39166666666666666 0.22407407407407406 0.13472222222222222
0 0.5532407407407407 0.4947916666666667 0.3101851851851852 0.16875
0 0.20185185185185187 0.609375 0.20185185185185187 0.3326388888888889
0 0.2125 0.4534722222222222 0.3768518518518518 0.10694444444444444
0 0.125 0.38333333333333336 0.21481481481481482 0.09444444444444444
