0 0.89111328125 0.4986979166666667 0.2177734375 0.3333333333333333
0 0.6884765625 0.3424479166666667 0.18359375 0.15625
0 0.63330078125 0.22721354166666666 0.4873046875 0.23307291666666666
0 0.67822265625 0.14322916666666666 0.1513671875 0.12239583333333333
0 0.8662109375 0.212890625 0.267578125 0.2825520833333333
0 0.65234375 0.5475260416666666 0.357421875 0.5559895833333334
0 0.4755859375 0.587890625 0.21875 0.66015625
0 0.23046875 0.4830729166666667 0.314453125 0.4036458333333333
0 0.26318359375 0.17447916666666666 0.2490234375 0.25
0 0.12646484375 0.69921875 0.2509765625 0.5755208333333334
