0 0.7379166666666667 0.5544444444444444 0.16583333333333333 0.34
0 0.5754166666666667 0.49833333333333335 0.1125 0.30777777777777776
0 0.9175 0.3438888888888889 0.08166666666666667 0.10333333333333333
0 0.81125 0.30444444444444446 0.1075 0.07777777777777778
0 0.7129166666666666 0.2927777777777778 0.15583333333333332 0.12777777777777777
0 0.6554166666666666 0.3477777777777778 0.17583333333333334 0.16444444444444445
0 0.48833333333333334 0.305 0.12166666666666667 0.12333333333333334
0 0.4066666666666667 0.3522222222222222 0.12166666666666667 0.16444444444444445
0 0.33 0.29888888888888887 0.12666666666666668 0.13333333333333333
0 0.24 0.2872222222222222 0.10166666666666667 0.13444444444444445
0 0.20125 0.5061111111111111 0.11916666666666667 0.33
0 0.07291666666666667 0.4222222222222222 0.10916666666666666 0.2511111111111111
0 0.1425 0.35888888888888887 0.11166666666666666 0.09111111111111111
0 0.060833333333333336 0.8227777777777778 0.11166666666666666 0.35444444444444445
0 0.26166666666666666 0.76 0.25166666666666665 0.48
0 0.4633333333333333 0.7722222222222223 0.19833333333333333 0.45555555555555555
0 0.66625 0.8233333333333334 0.2375 0.35333333333333333
0 0.9108333333333334 0.8283333333333334 0.17 0.3433333333333333
