0 0.8398148148148148 0.46588541666666666 0.27037037037037037 0.21822916666666667
0 0.6944444444444444 0.5247395833333334 0.5222222222222223 0.2734375
0 0.7472222222222222 0.7276041666666667 0.5055555555555555 0.15833333333333333
0 0.10787037037037037 0.40130208333333334 0.18055555555555555 0.2869791666666667
0 0.2986111111111111 0.4671875 0.3194444444444444 0.309375
0 0.09953703703703703 0.70078125 0.19722222222222222 0.28177083333333336
0 0.48009259259259257 0.3575520833333333 0.42685185185185187 0.2171875
0 0.5231481481481481 0.228125 0.16296296296296298 0.159375
0 0.7134259259259259 0.21953125 0.18425925925925926 0.07239583333333334
0 0.7958333333333333 0.3375 0.12129629629629629 0.17395833333333333
0 0.6722222222222223 0.30755208333333334 0.17962962962962964 0.1390625
