0 0.84375 0.2411111111111111 0.21583333333333332 0.18
0 0.5966666666666667 0.2561111111111111 0.07166666666666667 0.19666666666666666
0 0.4820833333333333 0.37166666666666665 0.21916666666666668 0.21444444444444444
0 0.43583333333333335 0.4311111111111111 0.12333333333333334 0.2222222222222222
0 0.7075 0.41444444444444445 0.24833333333333332 0.19777777777777777
0 0.8975 0.455 0.145 0.35444444444444445
0 0.7341666666666666 0.5855555555555556 0.22166666666666668 0.2733333333333333
0 0.4404166666666667 0.645 0.3958333333333333 0.36777777777777776
0 0.49166666666666664 0.7794444444444445 0.16333333333333333 0.4122222222222222
0 0.6329166666666667 0.835 0.16416666666666666 0.33
0 0.76125 0.8055555555555556 0.1575 0.25555555555555554
0 0.9041666666666667 0.8 0.19166666666666668 0.3933333333333333
