0 0.85875 0.23722222222222222 0.22583333333333333 0.17666666666666667
0 0.595 0.2644444444444444 0.10833333333333334 0.19555555555555557
0 0.4766666666666667 0.375 0.235 0.20333333333333334
0 0.435 0.4361111111111111 0.14 0.2388888888888889
0 0.7070833333333333 0.42 0.25083333333333335 0.20444444444444446
0 0.8795833333333334 0.46111111111111114 0.1775 0.33111111111111113
0 0.7325 0.5905555555555555 0.21166666666666667 0.2833333333333333
0 0.445 0.6166666666666667 0.355 0.31333333333333335
0 0.50875 0.7877777777777778 0.17916666666666667 0.42444444444444446
0 0.6333333333333333 0.8238888888888889 0.14833333333333334 0.3522222222222222
0 0.7716666666666666 0.8216666666666667 0.17 0.25
0 0.90125 0.8083333333333333 0.1975 0.38333333333333336
