0 0.66175 0.8254884547069272 0.3545 0.34902309058614567
0 0.69975 0.6838365896980462 0.3025 0.40142095914742454
0 0.84675 0.6007992895204263 0.1985 0.4413854351687389
0 0.9075 0.3996447602131439 0.151 0.2753108348134991
0 0.76325 0.41252220248667854 0.1575 0.2246891651865009
0 0.75625 0.21403197158081705 0.1455 0.19538188277087035
0 0.69675 0.26154529307282415 0.1705 0.24600355239786856
0 0.6265 0.3552397868561279 0.121 0.3019538188277087
0 0.51825 0.2566607460035524 0.1805 0.2895204262877442
0 0.4255 0.5266429840142096 0.129 0.46003552397868563
0 0.203 0.9218472468916519 0.402 0.15630550621669628
0 0.12625 0.55550621669627 0.1425 0.5159857904085258
0 0.30575 0.5821492007104796 0.0945 0.40230905861456484
0 0.2975 0.3867673179396092 0.206 0.20515097690941386
0 0.31375 0.28507992895204265 0.1665 0.17406749555950266
0 0.231 0.22868561278863234 0.19 0.16785079928952043
0 0.062 0.39742451154529307 0.117 0.15541740674955595
