0 0.25277777777777777 0.48194444444444445 0.3333333333333333 0.6416666666666667
0 0.09722222222222222 0.6340277777777777 0.19074074074074074 0.3625
0 0.12777777777777777 0.8833333333333333 0.2537037037037037 0.23333333333333334
0 0.3023148148148148 0.09861111111111111 0.17685185185185184 0.14166666666666666
0 0.5212962962962963 0.15069444444444444 0.16296296296296298 0.2625
0 0.5319444444444444 0.5576388888888889 0.2175925925925926 0.6708333333333333
0 0.7800925925925926 0.8027777777777778 0.4398148148148148 0.39444444444444443
0 0.7981481481481482 0.40625 0.40370370370370373 0.5263888888888889
0 0.8268518518518518 0.2791666666666667 0.3296296296296296 0.26666666666666666
0 0.8453703703703703 0.15347222222222223 0.25925925925925924 0.2013888888888889
0 0.6685185185185185 0.06944444444444445 0.18888888888888888 0.13055555555555556
