0 0.48193359375 0.5911458333333334 0.2236328125 0.6276041666666666
0 0.6357421875 0.5514322916666666 0.30859375 0.56640625
0 0.70263671875 0.333984375 0.1923828125 0.17578125
0 0.8828125 0.5052083333333334 0.234375 0.3854166666666667
0 0.634765625 0.232421875 0.478515625 0.21744791666666666
0 0.67919921875 0.12955729166666666 0.1318359375 0.11328125
0 0.8623046875 0.22526041666666666 0.275390625 0.2838541666666667
0 0.26611328125 0.19596354166666666 0.2529296875 0.24088541666666666
0 0.22265625 0.45703125 0.318359375 0.3828125
0 0.12841796875 0.7083333333333334 0.2548828125 0.5755208333333334
