0 0.576 0.7001499250374813 0.208 0.4737631184407796
0 0.928 0.5157421289355323 0.144 0.15892053973013492
0 0.768 0.4760119940029985 0.204 0.280359820089955
0 0.532 0.4587706146926537 0.34 0.20389805097451275
0 0.251 0.5007496251874063 0.358 0.2938530734632684
0 0.07 0.4160419790104948 0.136 0.21139430284857572
0 0.093 0.27886056971514245 0.174 0.15892053973013492
0 0.442 0.07946026986506746 0.252 0.1469265367316342
0 0.814 0.1199400299850075 0.212 0.20689655172413793
0 0.539 0.1184407796101949 0.33 0.14992503748125938
0 0.742 0.21064467766116943 0.276 0.1934032983508246
0 0.623 0.2638680659670165 0.27 0.1619190404797601
