0 0.885 0.313125 0.23 0.37875
0 0.8679166666666667 0.625 0.26416666666666666 0.2675
0 0.7654166666666666 0.5025 0.2608333333333333 0.18
0 0.7141666666666666 0.764375 0.42333333333333334 0.46375
0 0.675 0.42 0.22 0.2525
0 0.6095833333333334 0.3 0.2658333333333333 0.1375
0 0.5591666666666667 0.185625 0.20666666666666667 0.11125
0 0.3491666666666667 0.231875 0.2 0.11625
0 0.49833333333333335 0.256875 0.255 0.09875
0 0.49041666666666667 0.6775 0.31583333333333335 0.4625
0 0.415 0.715625 0.31666666666666665 0.56875
0 0.41125 0.40125 0.3458333333333333 0.31
0 0.2125 0.479375 0.2 0.66125
0 0.12458333333333334 0.14625 0.18583333333333332 0.2375
0 0.05333333333333334 0.173125 0.09666666666666666 0.29375
