0 0.3129890453834116 0.37569444444444444 0.27856025039123633 0.30694444444444446
0 0.2977308294209703 0.20833333333333334 0.1056338028169014 0.11944444444444445
0 0.7636932707355243 0.23819444444444443 0.27073552425665104 0.17916666666666667
0 0.9381846635367762 0.2013888888888889 0.12363067292644757 0.11666666666666667
0 0.5183881064162754 0.44305555555555554 0.18857589984350548 0.19166666666666668
0 0.7550860719874805 0.46875 0.38341158059467917 0.2902777777777778
0 0.8407668231611893 0.35694444444444445 0.2605633802816901 0.175
0 0.6948356807511737 0.6506944444444445 0.23317683881064163 0.35694444444444445
0 0.15023474178403756 0.6868055555555556 0.2895148669796557 0.4597222222222222
0 0.20892018779342722 0.7979166666666667 0.352112676056338 0.4041666666666667
0 0.4937402190923318 0.8159722222222222 0.23317683881064163 0.3402777777777778
0 0.8325508607198748 0.7097222222222223 0.3348982785602504 0.21666666666666667
0 0.7942097026604069 0.8777777777777778 0.41158059467918623 0.24444444444444444
