0 0.6765 0.652 0.051 0.14933333333333335
0 0.853 0.622 0.058 0.07866666666666666
0 0.8895 0.5986666666666667 0.083 0.06933333333333333
0 0.916 0.704 0.118 0.10933333333333334
0 0.873 0.494 0.072 0.05466666666666667
0 0.7625 0.4686666666666667 0.059 0.05466666666666667
0 0.695 0.5173333333333333 0.036 0.056
0 0.687 0.45666666666666667 0.04 0.044
0 0.643 0.4513333333333333 0.03 0.036
0 0.6165 0.44866666666666666 0.029 0.03866666666666667
0 0.5735 0.4593333333333333 0.049 0.044
0 0.557 0.44 0.026 0.037333333333333336
0 0.5025 0.474 0.023 0.04133333333333333
0 0.54 0.5613333333333334 0.056 0.09866666666666667
0 0.489 0.44866666666666666 0.054 0.07333333333333333
0 0.4205 0.456 0.067 0.050666666666666665
0 0.326 0.4633333333333333 0.026 0.052
0 0.313 0.486 0.044 0.04933333333333333
0 0.1255 0.8153333333333334 0.081 0.20933333333333334
0 0.1605 0.76 0.063 0.112
0 0.2355 0.828 0.081 0.21066666666666667
0 0.4565 0.954 0.297 0.092
0 0.491 0.862 0.178 0.08933333333333333
0 0.2945 0.7626666666666667 0.079 0.16
0 0.385 0.7193333333333334 0.108 0.13466666666666666
0 0.3015 0.6473333333333333 0.115 0.12133333333333333
0 0.3725 0.628 0.051 0.05333333333333334
0 0.466 0.634 0.118 0.08933333333333333
0 0.4125 0.5033333333333333 0.093 0.044
0 0.3305 0.5293333333333333 0.069 0.048
0 0.421 0.542 0.086 0.044
0 0.3435 0.574 0.087 0.08666666666666667
