0 0.41898148148148145 0.21358024691358024 0.08796296296296297 0.17530864197530865
0 0.7509259259259259 0.291358024691358 0.10555555555555556 0.17777777777777778
0 0.2111111111111111 0.3080246913580247 0.11851851851851852 0.18888888888888888
0 0.16296296296296298 0.2654320987654321 0.2537037037037037 0.2222222222222222
0 0.23842592592592593 0.4228395061728395 0.1824074074074074 0.24567901234567902
0 0.3787037037037037 0.3734567901234568 0.18518518518518517 0.1617283950617284
0 0.4828703703703704 0.4012345679012346 0.19907407407407407 0.16790123456790124
0 0.6773148148148148 0.37222222222222223 0.18055555555555555 0.13950617283950617
0 0.8240740740740741 0.4561728395061728 0.15 0.11481481481481481
0 0.9625 0.5574074074074075 0.075 0.2506172839506173
0 0.9023148148148148 0.65 0.13055555555555556 0.2382716049382716
0 0.7777777777777778 0.6290123456790123 0.21481481481481482 0.4012345679012346
0 0.6763888888888889 0.6450617283950617 0.22685185185185186 0.4308641975308642
0 0.5532407407407407 0.6395061728395062 0.25277777777777777 0.39753086419753086
0 0.4310185185185185 0.6308641975308642 0.2490740740740741 0.43950617283950616
0 0.2726851851851852 0.7382716049382716 0.1935185185185185 0.49876543209876545
0 0.13564814814814816 0.7611111111111111 0.21944444444444444 0.42345679012345677
0 0.4981481481481482 0.8783950617283951 0.3351851851851852 0.21851851851851853
