0 0.23541666666666666 0.3236111111111111 0.12916666666666668 0.45092592592592595
0 0.3463541666666667 0.16574074074074074 0.240625 0.3148148148148148
0 0.5591145833333333 0.26342592592592595 0.2015625 0.262037037037037
0 0.5088541666666667 0.3490740740740741 0.13125 0.30925925925925923
0 0.75546875 0.32592592592592595 0.22760416666666666 0.42962962962962964
0 0.9111979166666667 0.6578703703703703 0.1296875 0.36018518518518516
0 0.8552083333333333 0.700462962962963 0.27708333333333335 0.5972222222222222
0 0.6328125 0.8328703703703704 0.2677083333333333 0.33425925925925926
0 0.3997395833333333 0.6712962962962963 0.37864583333333335 0.4759259259259259
0 0.17630208333333333 0.8037037037037037 0.2515625 0.3925925925925926
0 0.0546875 0.7069444444444445 0.10833333333333334 0.562037037037037
