0 0.2983508245877061 0.401 0.2128935532233883 0.49
0 0.16041979010494753 0.566 0.3058470764617691 0.336
0 0.1184407796101949 0.789 0.19790104947526238 0.422
0 0.2098950524737631 0.192 0.22188905547226387 0.328
0 0.34707646176911544 0.224 0.10944527736131934 0.284
0 0.5209895052473763 0.325 0.2563718140929535 0.37
0 0.6424287856071964 0.283 0.2983508245877061 0.414
0 0.8103448275862069 0.442 0.15142428785607195 0.364
0 0.8785607196401799 0.127 0.1409295352323838 0.182
0 0.7301349325337332 0.104 0.1679160419790105 0.18
0 0.6926536731634183 0.796 0.3538230884557721 0.408
0 0.5172413793103449 0.718 0.3868065967016492 0.564
