0 0.3375 0.3151041666666667 0.2453125 0.203125
0 0.280078125 0.1921875 0.09765625 0.10520833333333333
0 0.540625 0.36302083333333335 0.196875 0.21979166666666666
0 0.94140625 0.18229166666666666 0.1171875 0.13125
0 0.758984375 0.1953125 0.25390625 0.12604166666666666
0 0.84765625 0.29270833333333335 0.23125 0.13541666666666666
0 0.740625 0.359375 0.3796875 0.20833333333333334
0 0.941015625 0.45416666666666666 0.11796875 0.11458333333333333
0 0.7 0.5057291666666667 0.2203125 0.28020833333333334
0 0.839453125 0.5822916666666667 0.32109375 0.175
0 0.800390625 0.7953125 0.39921875 0.39895833333333336
0 0.50078125 0.6640625 0.2375 0.303125
0 0.34609375 0.8953125 0.525 0.209375
0 0.14609375 0.5484375 0.2734375 0.2989583333333333
0 0.2171875 0.6692708333333334 0.3984375 0.353125
