0 0.21333333333333335 0.22375 0.075 0.05625
0 0.2775 0.2115625 0.10166666666666667 0.079375
0 0.14208333333333334 0.2165625 0.0675 0.065625
0 0.81875 0.3275 0.08416666666666667 0.13625
0 0.9404166666666667 0.3275 0.11916666666666667 0.0875
0 0.9370833333333334 0.4084375 0.12583333333333332 0.089375
0 0.93125 0.500625 0.1375 0.10125
0 0.46416666666666667 0.475625 0.19166666666666668 0.1525
0 0.7295833333333334 0.591875 0.16416666666666666 0.23875
0 0.8975 0.80125 0.19 0.35
0 0.7229166666666667 0.9165625 0.2375 0.166875
0 0.3358333333333333 0.5990625 0.5733333333333334 0.173125
0 0.15625 0.866875 0.2675 0.26125
0 0.3591666666666667 0.799375 0.25666666666666665 0.34375
0 0.5408333333333334 0.7946875 0.26 0.376875
