0 0.17552775605942142 0.6337939698492462 0.12900703674745895 0.4585427135678392
0 0.2951524628616106 0.7198492462311558 0.11336982017200939 0.35678391959798994
0 0.44761532447224395 0.6055276381909548 0.1164972634870993 0.5552763819095478
0 0.5934323690383112 0.7638190954773869 0.16106333072713058 0.35678391959798994
0 0.6982017200938233 0.6451005025125628 0.2001563721657545 0.5062814070351759
0 0.7955433932759969 0.6287688442211056 0.15715402658326819 0.5464824120603015
0 0.8979671618451915 0.6381909547738693 0.1821735731039875 0.4798994974874372
0 0.5019546520719312 0.4880653266331658 0.9960906958561376 0.6369346733668342
0 0.6833463643471462 0.7832914572864321 0.07349491790461297 0.21231155778894473
0 0.40969507427677876 0.7870603015075377 0.1641907740422205 0.21733668341708542
0 0.2341673182173573 0.7537688442211056 0.09147771696637999 0.24371859296482412
