0 0.234765625 0.6260416666666667 0.23515625 0.5895833333333333
0 0.31328125 0.5 0.1796875 0.41041666666666665
0 0.388671875 0.4083333333333333 0.13828125 0.26458333333333334
0 0.48046875 0.628125 0.1921875 0.5479166666666667
0 0.631640625 0.6354166666666666 0.16015625 0.575
0 0.71015625 0.425 0.1203125 0.31666666666666665
0 0.87734375 0.6098958333333333 0.240625 0.528125
0 0.615234375 0.20052083333333334 0.15390625 0.171875
0 0.57109375 0.3046875 0.1796875 0.14895833333333333
0 0.30625 0.2953125 0.29375 0.15520833333333334
0 0.434765625 0.2140625 0.19453125 0.140625
