0 0.7129166666666666 0.1466916354556804 0.1925 0.16354556803995007
0 0.745 0.2640449438202247 0.07666666666666666 0.22347066167290885
0 0.57625 0.3439450686641698 0.1125 0.12609238451935081
0 0.8625 0.7759051186017478 0.2633333333333333 0.44818976279650435
0 0.6554166666666666 0.5599250936329588 0.2608333333333333 0.3782771535580524
0 0.5816666666666667 0.7247191011235955 0.30666666666666664 0.5305867665418227
0 0.29791666666666666 0.7534332084893882 0.2841666666666667 0.49313358302122345
0 0.41875 0.41697877652933835 0.2225 0.21972534332084895
0 0.235 0.40012484394506864 0.20333333333333334 0.2184769038701623
0 0.09041666666666667 0.6017478152309613 0.1675 0.42197253433208487
