0 0.18101851851851852 0.38472222222222224 0.2638888888888889 0.3611111111111111
0 0.5472222222222223 0.37777777777777777 0.22592592592592592 0.40555555555555556
0 0.36342592592592593 0.2875 0.13796296296296295 0.24722222222222223
0 0.300462962962963 0.18541666666666667 0.15648148148148147 0.13472222222222222
0 0.4837962962962963 0.18819444444444444 0.20462962962962963 0.12361111111111112
0 0.5171296296296296 0.1 0.06574074074074074 0.1
0 0.5685185185185185 0.10555555555555556 0.053703703703703705 0.12222222222222222
0 0.6504629629629629 0.15138888888888888 0.11388888888888889 0.1638888888888889
0 0.7541666666666667 0.14930555555555555 0.08425925925925926 0.17083333333333334
0 0.8439814814814814 0.16041666666666668 0.1175925925925926 0.12083333333333333
0 0.8240740740740741 0.2777777777777778 0.08888888888888889 0.16111111111111112
