0 0.8552055993000874 0.7467018469656992 0.289588801399825 0.5065963060686016
0 0.5341207349081365 0.8383905013192612 0.399825021872266 0.3232189973614776
0 0.189413823272091 0.7176781002638523 0.36832895888014 0.5646437994722955
0 0.2594050743657043 0.587730870712401 0.5048118985126859 0.4762532981530343
0 0.43132108486439197 0.4109498680738786 0.6666666666666666 0.5343007915567283
0 0.08661417322834646 0.22427440633245382 0.16972878390201224 0.43799472295514513
0 0.3342082239720035 0.21240105540897097 0.38145231846019245 0.36939313984168864
0 0.605424321959755 0.2816622691292876 0.49343832020997375 0.4340369393139842
0 0.6509186351706037 0.28034300791556727 0.6299212598425197 0.558047493403694
0 0.9339457567804025 0.1378627968337731 0.1268591426071741 0.27308707124010556
