0 0.09620253164556962 0.24135638297872342 0.19071729957805908 0.2646276595744681
0 0.1548523206751055 0.45345744680851063 0.16455696202531644 0.38563829787234044
0 0.26962025316455696 0.4441489361702128 0.14430379746835442 0.40425531914893614
0 0.26540084388185653 0.2220744680851064 0.20506329113924052 0.23138297872340424
0 0.4675105485232067 0.2785904255319149 0.25316455696202533 0.29388297872340424
0 0.3978902953586498 0.6781914893617021 0.20675105485232068 0.6196808510638298
0 0.5611814345991561 0.6289893617021277 0.25316455696202533 0.6462765957446809
0 0.7274261603375527 0.31981382978723405 0.15527426160337554 0.4109042553191489
0 0.9050632911392406 0.3025265957446808 0.189873417721519 0.25930851063829785
0 0.8666666666666667 0.4341755319148936 0.2649789029535865 0.3949468085106383
0 0.8118143459915612 0.6974734042553191 0.20253164556962025 0.6050531914893617
