0 0.8709183673469387 0.48027210884353744 0.2030612244897959 0.5877551020408164
0 0.6862244897959183 0.48639455782312924 0.286734693877551 0.5292517006802722
0 0.5244897959183673 0.4748299319727891 0.3489795918367347 0.44625850340136053
0 0.4387755102040816 0.15782312925170067 0.23265306122448978 0.272108843537415
0 0.686734693877551 0.10340136054421768 0.13673469387755102 0.18775510204081633
0 0.19489795918367347 0.28095238095238095 0.36122448979591837 0.31700680272108844
0 0.2826530612244898 0.43333333333333335 0.5489795918367347 0.3795918367346939
0 0.2770408163265306 0.6469387755102041 0.3622448979591837 0.41768707482993195
0 0.41275510204081634 0.7666666666666667 0.4561224489795918 0.22993197278911565
0 0.5505102040816326 0.861904761904762 0.7357142857142858 0.2761904761904762
