0 0.835 0.47446236559139787 0.316 0.46236559139784944
0 0.6355 0.5759408602150538 0.217 0.40725806451612906
0 0.484 0.33669354838709675 0.33 0.24865591397849462
0 0.342 0.519489247311828 0.304 0.28091397849462363
0 0.104 0.47446236559139787 0.188 0.40591397849462363
0 0.0965 0.17943548387096775 0.181 0.22446236559139784
0 0.0475 0.27352150537634407 0.089 0.24596774193548387
0 0.869 0.6733870967741935 0.262 0.28763440860215056
0 0.8255 0.8736559139784946 0.349 0.25268817204301075
0 0.644 0.8877688172043011 0.25 0.22446236559139784
0 0.383 0.8138440860215054 0.402 0.37231182795698925
0 0.15 0.7553763440860215 0.296 0.2903225806451613
