0 0.1690909090909091 0.2783083219645293 0.2109090909090909 0.2100954979536153
0 0.4954545454545455 0.334924965893588 0.26181818181818184 0.23601637107776263
0 0.7222727272727273 0.22305593451568895 0.11727272727272728 0.20054570259208732
0 0.8531818181818182 0.23806275579809005 0.23 0.20600272851296045
0 0.905 0.5525238744884038 0.19 0.3656207366984993
0 0.7804545454545454 0.4201909959072306 0.33545454545454545 0.1882673942701228
0 0.6445454545454545 0.6964529331514324 0.3690909090909091 0.21418826739427013
0 0.6204545454545455 0.5272851296043656 0.25181818181818183 0.24147339699863574
0 0.46454545454545454 0.5709413369713506 0.14545454545454545 0.27694406548431105
0 0.37272727272727274 0.538881309686221 0.10363636363636364 0.30286493860845837
0 0.3654545454545455 0.3581173260572988 0.20727272727272728 0.13233287858117326
0 0.25636363636363635 0.5259208731241474 0.14909090909090908 0.27967257844474763
0 0.20227272727272727 0.5995907230559345 0.2318181818181818 0.2605729877216917
0 0.09863636363636363 0.4099590723055935 0.17363636363636364 0.26875852660300137
0 0.06545454545454546 0.24965893587994542 0.12363636363636364 0.16098226466575716
