0 0.1634182908545727 0.398 0.21889055472263869 0.388
0 0.12818590704647675 0.716 0.24437781109445278 0.444
0 0.32983508245877063 0.357 0.15592203898050974 0.394
0 0.25112443778110943 0.1 0.1904047976011994 0.168
0 0.48200899550224885 0.367 0.20539730134932535 0.362
0 0.4947526236881559 0.095 0.1889055472263868 0.174
0 0.6986506746626686 0.106 0.14392803598200898 0.192
0 0.820839580209895 0.088 0.136431784107946 0.168
0 0.9107946026986506 0.401 0.17841079460269865 0.374
0 0.7526236881559221 0.378 0.13193403298350825 0.392
0 0.6221889055472264 0.447 0.14392803598200898 0.374
0 0.6424287856071964 0.19 0.13343328335832083 0.216
