0 0.33251633986928103 0.7496936274509803 0.22549019607843138 0.46629901960784315
0 0.5179738562091504 0.7643995098039216 0.2238562091503268 0.45159313725490197
0 0.7111928104575164 0.7622549019607843 0.27532679738562094 0.47549019607843135
0 0.7165032679738562 0.5232843137254902 0.26633986928104575 0.1017156862745098
0 0.46568627450980393 0.4181985294117647 0.5522875816993464 0.21997549019607843
0 0.16380718954248366 0.21721813725490197 0.30800653594771243 0.14644607843137256
0 0.4738562091503268 0.16850490196078433 0.28104575163398693 0.18259803921568626
0 0.9003267973856209 0.27205882352941174 0.16993464052287582 0.14460784313725492
0 0.7945261437908496 0.13694852941176472 0.1527777777777778 0.17830882352941177
0 0.5759803921568627 0.09895833333333333 0.3382352941176471 0.16237745098039216
