0 0.3908333333333333 0.08222222222222222 0.17166666666666666 0.13333333333333333
0 0.21833333333333332 0.095 0.1 0.08333333333333333
0 0.16416666666666666 0.185 0.13 0.11888888888888889
0 0.24333333333333335 0.16555555555555557 0.12 0.08888888888888889
0 0.3566666666666667 0.23055555555555557 0.12333333333333334 0.1411111111111111
0 0.12708333333333333 0.29833333333333334 0.24083333333333334 0.17666666666666667
0 0.06541666666666666 0.49833333333333335 0.1225 0.33666666666666667
0 0.1725 0.6922222222222222 0.23 0.5911111111111111
0 0.4075 0.6811111111111111 0.3233333333333333 0.6288888888888889
0 0.62125 0.65 0.36916666666666664 0.6688888888888889
0 0.92375 0.7577777777777778 0.1525 0.47333333333333333
0 0.9104166666666667 0.41555555555555557 0.17916666666666667 0.27111111111111114
0 0.71875 0.3566666666666667 0.3441666666666667 0.31333333333333335
0 0.37083333333333335 0.34944444444444445 0.345 0.23
0 0.5679166666666666 0.17055555555555554 0.17416666666666666 0.14555555555555555
0 0.7183333333333334 0.1527777777777778 0.18333333333333332 0.15222222222222223
0 0.8525 0.1438888888888889 0.115 0.10111111111111111
0 0.8883333333333333 0.08055555555555556 0.10833333333333334 0.10111111111111111
0 0.76125 0.07722222222222222 0.18083333333333335 0.10777777777777778
0 0.9079166666666667 0.22833333333333333 0.0925 0.10777777777777778
