0 0.7494791666666667 0.62265625 0.446875 0.6515625
0 0.3260416666666667 0.5984375 0.4125 0.70625
0 0.15677083333333333 0.309765625 0.259375 0.36953125
0 0.25677083333333334 0.10234375 0.34479166666666666 0.1046875
0 0.25416666666666665 0.041796875 0.30625 0.06328125
0 0.5713541666666667 0.038671875 0.33229166666666665 0.07265625
0 0.7416666666666667 0.113671875 0.45416666666666666 0.12890625
0 0.6776041666666667 0.231640625 0.35520833333333335 0.20546875
0 0.3875 0.194921875 0.23541666666666666 0.21171875
0 0.9192708333333334 0.40625 0.16145833333333334 0.284375
