0 0.6114583333333333 0.7444444444444445 0.2423611111111111 0.34629629629629627
0 0.30694444444444446 0.8773148148148148 0.15694444444444444 0.24537037037037038
0 0.28194444444444444 0.6222222222222222 0.15555555555555556 0.3074074074074074
0 0.19340277777777778 0.45231481481481484 0.21736111111111112 0.2101851851851852
0 0.23159722222222223 0.32037037037037036 0.16875 0.14074074074074075
0 0.4111111111111111 0.38796296296296295 0.1 0.15185185185185185
0 0.38784722222222223 0.5083333333333333 0.17152777777777778 0.21296296296296297
0 0.5322916666666667 0.3939814814814815 0.10069444444444445 0.22870370370370371
0 0.6440972222222222 0.37592592592592594 0.1840277777777778 0.14444444444444443
0 0.8295138888888889 0.43657407407407406 0.20069444444444445 0.20277777777777778
0 0.640625 0.4976851851851852 0.11319444444444444 0.2212962962962963
