0 0.5911458333333334 0.640234375 0.18125 0.29140625
0 0.3390625 0.575 0.3020833333333333 0.196875
0 0.2546875 0.4734375 0.14166666666666666 0.0984375
0 0.4671875 0.4578125 0.25833333333333336 0.11875
0 0.8067708333333333 0.419140625 0.15 0.12734375
0 0.7229166666666667 0.45546875 0.153125 0.08125
0 0.6505208333333333 0.4328125 0.12916666666666668 0.09375
0 0.6234375 0.38046875 0.1125 0.06875
0 0.29375 0.287109375 0.11979166666666667 0.06953125
0 0.1828125 0.280078125 0.07083333333333333 0.08203125
0 0.1546875 0.412109375 0.10208333333333333 0.12890625
