0 0.18333333333333332 0.730625 0.185 0.53875
0 0.1575 0.37125 0.10833333333333334 0.2925
0 0.40291666666666665 0.23375 0.2275 0.1975
0 0.5775 0.159375 0.19166666666666668 0.12375
0 0.8183333333333334 0.335 0.20166666666666666 0.325
0 0.66125 0.313125 0.2475 0.19875
0 0.33625 0.323125 0.14583333333333334 0.17125
0 0.28125 0.174375 0.06916666666666667 0.09875
0 0.36291666666666667 0.60625 0.14416666666666667 0.5425
0 0.475 0.44875 0.09 0.2925
0 0.5845833333333333 0.520625 0.14083333333333334 0.38875
0 0.7858333333333334 0.57625 0.3433333333333333 0.4425
