0 0.8683333333333333 0.7347058823529412 0.2633333333333333 0.5305882352941177
0 0.6045833333333334 0.8005882352941176 0.6191666666666666 0.3988235294117647
0 0.43583333333333335 0.6005882352941176 0.2833333333333333 0.3211764705882353
0 0.33458333333333334 0.3876470588235294 0.3591666666666667 0.1588235294117647
0 0.09875 0.4329411764705882 0.11583333333333333 0.18823529411764706
0 0.22958333333333333 0.7029411764705882 0.2941666666666667 0.5941176470588235
0 0.10875 0.6488235294117647 0.21583333333333332 0.3023529411764706
0 0.5754166666666667 0.1535294117647059 0.0375 0.10235294117647059
0 0.6545833333333333 0.1811764705882353 0.035833333333333335 0.0988235294117647
0 0.7391666666666666 0.21411764705882352 0.08166666666666667 0.10352941176470588
0 0.7375 0.14352941176470588 0.03666666666666667 0.04470588235294118
0 0.7775 0.13823529411764707 0.03 0.04352941176470588
