0 0.13928012519561817 0.22802197802197802 0.1674491392801252 0.20549450549450549
0 0.40336463223787167 0.189010989010989 0.1619718309859155 0.1934065934065934
0 0.2621283255086072 0.36648351648351646 0.30985915492957744 0.2032967032967033
0 0.34194053208137715 0.49615384615384617 0.3489827856025039 0.19230769230769232
0 0.4534428794992175 0.817032967032967 0.5453834115805947 0.3659340659340659
0 0.46987480438184664 0.6 0.46870109546165883 0.2
0 0.8020344287949922 0.5835164835164836 0.2081377151799687 0.4087912087912088
0 0.5731611893583725 0.43131868131868134 0.3075117370892019 0.3
0 0.6236306729264476 0.2923076923076923 0.19561815336463223 0.23956043956043957
0 0.7801251956181534 0.26868131868131867 0.2863849765258216 0.20549450549450549
0 0.9518779342723005 0.2923076923076923 0.09624413145539906 0.16923076923076924
0 0.8356807511737089 0.2802197802197802 0.15023474178403756 0.25274725274725274
0 0.6541471048513302 0.15879120879120878 0.12832550860719874 0.08681318681318681
