0 0.024739583333333332 0.18055555555555555 0.0484375 0.15185185185185185
0 0.20364583333333333 0.20601851851851852 0.328125 0.16018518518518518
0 0.24869791666666666 0.3787037037037037 0.4390625 0.3055555555555556
0 0.20572916666666666 0.42916666666666664 0.3885416666666667 0.20092592592592592
0 0.25 0.7263888888888889 0.496875 0.5268518518518519
0 0.5916666666666667 0.6074074074074074 0.28958333333333336 0.7333333333333333
0 0.7169270833333333 0.4166666666666667 0.2265625 0.6203703703703703
0 0.9536458333333333 0.26435185185185184 0.09270833333333334 0.25462962962962965
0 0.9252604166666667 0.7351851851851852 0.1421875 0.5296296296296297
0 0.8916666666666667 0.687962962962963 0.20729166666666668 0.5944444444444444
