0 0.2287878787878788 0.1875 0.23939393939393938 0.2840909090909091
0 0.17954545454545454 0.5034090909090909 0.3409090909090909 0.4340909090909091
0 0.10984848484848485 0.7181818181818181 0.21666666666666667 0.5409090909090909
0 0.46136363636363636 0.6318181818181818 0.2409090909090909 0.6909090909090909
0 0.6128787878787879 0.615909090909091 0.36818181818181817 0.6772727272727272
0 0.6174242424242424 0.21477272727272728 0.5257575757575758 0.26136363636363635
0 0.678030303030303 0.12045454545454545 0.15606060606060607 0.11818181818181818
0 0.8613636363636363 0.21704545454545454 0.2772727272727273 0.32954545454545453
0 0.8931818181818182 0.5670454545454545 0.21363636363636362 0.47954545454545455
0 0.7022727272727273 0.4022727272727273 0.22575757575757577 0.33181818181818185
