0 0.4773550724637681 0.8056338028169014 0.27717391304347827 0.24225352112676057
0 0.8333333333333334 0.8577464788732394 0.3333333333333333 0.1323943661971831
0 0.7527173913043478 0.723943661971831 0.27355072463768115 0.2084507042253521
0 0.8903985507246377 0.5183098591549296 0.125 0.23098591549295774
0 0.6992753623188406 0.6140845070422535 0.14130434782608695 0.27605633802816903
0 0.5226449275362319 0.5943661971830986 0.19384057971014493 0.29295774647887324
0 0.37318840579710144 0.5647887323943662 0.14492753623188406 0.27887323943661974
0 0.1539855072463768 0.6028169014084507 0.2898550724637681 0.3267605633802817
0 0.10778985507246377 0.7549295774647887 0.1213768115942029 0.27605633802816903
0 0.0661231884057971 0.29295774647887324 0.125 0.08450704225352113
0 0.12590579710144928 0.3464788732394366 0.161231884057971 0.09577464788732394
0 0.23550724637681159 0.35492957746478876 0.12318840579710146 0.19718309859154928
0 0.3016304347826087 0.2140845070422535 0.07427536231884058 0.14647887323943662
0 0.3423913043478261 0.31971830985915495 0.08695652173913043 0.10422535211267606
0 0.4121376811594203 0.36056338028169016 0.09963768115942029 0.23661971830985915
0 0.5289855072463768 0.2084507042253521 0.08333333333333333 0.16901408450704225
0 0.5289855072463768 0.2084507042253521 0.08333333333333333 0.16901408450704225
0 0.529891304347826 0.38873239436619716 0.1503623188405797 0.12394366197183099
0 0.8269927536231884 0.36619718309859156 0.1431159420289855 0.16901408450704225
0 0.7536231884057971 0.30985915492957744 0.06521739130434782 0.18028169014084508
0 0.7518115942028986 0.2211267605633803 0.19202898550724637 0.10985915492957747
0 0.6539855072463768 0.3676056338028169 0.10869565217391304 0.17746478873239438
0 0.6603260869565217 0.26901408450704223 0.1213768115942029 0.14366197183098592
0 0.9266304347826086 0.2380281690140845 0.1431159420289855 0.11549295774647887
