0 0.8939393939393939 0.5854063018242123 0.2101661779081134 0.43781094527363185
0 0.6436950146627566 0.6235489220563848 0.16129032258064516 0.5970149253731343
0 0.46529814271749753 0.6575456053067993 0.19550342130987292 0.6285240464344942
0 0.3621700879765396 0.5472636815920398 0.24731182795698925 0.5207296849087893
0 0.16324535679374388 0.6243781094527363 0.15835777126099707 0.5290215588723052
0 0.03812316715542522 0.46683250414593697 0.07038123167155426 0.41956882255389716
0 0.08993157380254155 0.14096185737976782 0.17204301075268819 0.23548922056384744
0 0.11290322580645161 0.30845771144278605 0.12218963831867058 0.12603648424543948
0 0.29716520039100686 0.23880597014925373 0.23264907135874877 0.175787728026534
0 0.5747800586510264 0.3067993366500829 0.17008797653958943 0.21227197346600332
0 0.6500488758553274 0.2330016583747927 0.13294232649071358 0.15754560530679934
0 0.8167155425219942 0.31840796019900497 0.19452590420332355 0.22885572139303484
0 0.9574780058651027 0.20729684908789386 0.08504398826979472 0.27860696517412936
0 0.8372434017595308 0.15920398009950248 0.18475073313782991 0.19237147595356552
0 0.6285434995112414 0.1310116086235489 0.33822091886608013 0.1791044776119403
0 0.4638318670576735 0.1310116086235489 0.2238514173998045 0.24212271973466004
0 0.32991202346041054 0.10199004975124377 0.12805474095796676 0.13432835820895522
