0 0.1743119266055046 0.3836601307189543 0.2618849040867389 0.3516339869281046
0 0.3632193494578816 0.29869281045751633 0.1359466221851543 0.2601307189542484
0 0.5275229357798165 0.39215686274509803 0.20266889074228525 0.39738562091503266
0 0.8215179316096747 0.29150326797385623 0.09674728940783987 0.15163398692810456
0 0.841534612176814 0.165359477124183 0.10175145954962468 0.1503267973856209
0 0.7602168473728107 0.14248366013071895 0.10091743119266056 0.17254901960784313
0 0.6522101751459549 0.16405228758169935 0.1134278565471226 0.1450980392156863
0 0.5809007506255213 0.10915032679738562 0.06922435362802336 0.14248366013071895
0 0.5141784820683903 0.09411764705882353 0.04920767306088407 0.08104575163398693
0 0.48874061718098416 0.17647058823529413 0.18682235195996663 0.12810457516339868
0 0.29524603836530444 0.1869281045751634 0.1451209341117598 0.12026143790849673
