0 0.5833333333333334 0.7234706616729089 0.23333333333333334 0.3358302122347066
0 0.20694444444444443 0.4631710362047441 0.25092592592592594 0.15480649188514356
0 0.1875 0.36142322097378277 0.16018518518518518 0.0986267166042447
0 0.3263888888888889 0.40012484394506864 0.09351851851851851 0.14606741573033707
0 0.3939814814814815 0.41136079900124844 0.12314814814814815 0.15355805243445692
0 0.5388888888888889 0.33707865168539325 0.10185185185185185 0.052434456928838954
0 0.537962962962963 0.42696629213483145 0.16666666666666666 0.149812734082397
0 0.500462962962963 0.50187265917603 0.12314814814814815 0.21722846441947566
0 0.6680555555555555 0.39325842696629215 0.1361111111111111 0.21972534332084895
0 0.7856481481481481 0.4637952559300874 0.18425925925925926 0.2484394506866417
0 0.899537037037037 0.5811485642946317 0.14166666666666666 0.30337078651685395
0 0.9402777777777778 0.3863920099875156 0.11944444444444445 0.13108614232209737
