0 0.7055045871559633 0.7306629834254144 0.29174311926605506 0.4613259668508287
0 0.3247706422018349 0.11740331491712708 0.24954128440366974 0.1574585635359116
0 0.18990825688073396 0.2472375690607735 0.22201834862385322 0.20165745856353592
0 0.1761467889908257 0.46685082872928174 0.344954128440367 0.35911602209944754
0 0.29724770642201837 0.7955801104972375 0.1834862385321101 0.4088397790055249
0 0.11559633027522936 0.8218232044198895 0.2018348623853211 0.356353591160221
0 0.6073394495412844 0.13674033149171272 0.1908256880733945 0.1298342541436464
0 0.7146788990825688 0.21408839779005526 0.1853211009174312 0.24585635359116023
0 0.9385321100917431 0.5704419889502762 0.12293577981651377 0.4171270718232044
0 0.9009174311926605 0.7251381215469613 0.12844036697247707 0.4005524861878453
