0 0.5327272727272727 0.32142857142857145 0.1781818181818182 0.28285714285714286
0 0.5327272727272727 0.17857142857142858 0.07272727272727272 0.1742857142857143
0 0.519090909090909 0.13142857142857142 0.2309090909090909 0.18285714285714286
0 0.79 0.3057142857142857 0.2818181818181818 0.25142857142857145
0 0.6845454545454546 0.3557142857142857 0.21636363636363637 0.3057142857142857
0 0.9118181818181819 0.6142857142857143 0.17636363636363636 0.2857142857142857
0 0.6236363636363637 0.5528571428571428 0.43272727272727274 0.23714285714285716
0 0.5718181818181818 0.6814285714285714 0.4636363636363636 0.24285714285714285
0 0.5081818181818182 0.8514285714285714 0.5145454545454545 0.2914285714285714
0 0.3718181818181818 0.2914285714285714 0.1690909090909091 0.26857142857142857
0 0.25181818181818183 0.5185714285714286 0.3327272727272727 0.3057142857142857
0 0.16272727272727272 0.26571428571428574 0.21272727272727274 0.24571428571428572
0 0.08636363636363636 0.1757142857142857 0.15454545454545454 0.18
