0 0.844921875 0.3976470588235294 0.25390625 0.4188235294117647
0 0.68203125 0.36823529411764705 0.1546875 0.3788235294117647
0 0.737109375 0.6588235294117647 0.39296875 0.28
0 0.712890625 0.7817647058823529 0.34140625 0.3305882352941176
0 0.96171875 0.88 0.0765625 0.2376470588235294
0 0.4546875 0.6011764705882353 0.1953125 0.5529411764705883
0 0.434375 0.17176470588235293 0.134375 0.33176470588235296
0 0.508984375 0.3270588235294118 0.21171875 0.38823529411764707
0 0.216796875 0.3 0.16796875 0.2752941176470588
0 0.19375 0.22823529411764706 0.2890625 0.3811764705882353
0 0.0328125 0.31176470588235294 0.0640625 0.4023529411764706
0 0.2234375 0.4647058823529412 0.296875 0.24705882352941178
0 0.544921875 0.8829411764705882 0.48828125 0.2011764705882353
0 0.222265625 0.6823529411764706 0.37734375 0.35764705882352943
0 0.148828125 0.7647058823529411 0.28984375 0.33176470588235296
0 0.08515625 0.8652941176470588 0.15 0.2576470588235294
