0 0.3559027777777778 0.4600694444444444 0.5706018518518519 0.3177083333333333
0 0.8564814814814815 0.2170138888888889 0.2777777777777778 0.13020833333333334
0 0.8854166666666666 0.3658854166666667 0.22916666666666666 0.23350694444444445
0 0.6064814814814815 0.5651041666666666 0.6990740740740741 0.2465277777777778
0 0.6278935185185185 0.796875 0.7442129629629629 0.40625
0 0.05960648148148148 0.05946180555555555 0.07291666666666667 0.0720486111111111
0 0.1730324074074074 0.09678819444444445 0.1261574074074074 0.06163194444444445
0 0.3090277777777778 0.08680555555555555 0.17824074074074073 0.0642361111111111
0 0.5347222222222222 0.0876736111111111 0.12037037037037036 0.06597222222222222
0 0.5896990740740741 0.06597222222222222 0.15162037037037038 0.08159722222222222
0 0.7141203703703703 0.06944444444444445 0.09027777777777778 0.08159722222222222
0 0.032407407407407406 0.1362847222222222 0.0625 0.10416666666666667
