0 0.33475 0.44633333333333336 0.2215 0.322
0 0.4395 0.32166666666666666 0.097 0.21933333333333332
0 0.57325 0.4723333333333333 0.2355 0.19266666666666668
0 0.604 0.39566666666666667 0.27 0.14733333333333334
0 0.7665 0.433 0.099 0.162
0 0.21 0.268 0.1 0.10133333333333333
0 0.21275 0.348 0.0785 0.12266666666666666
0 0.3705 0.30766666666666664 0.079 0.09933333333333333
0 0.6515 0.8173333333333334 0.385 0.36533333333333334
0 0.31 0.877 0.269 0.246
0 0.16325 0.699 0.2215 0.354
0 0.04725 0.5993333333333334 0.0855 0.16
0 0.059 0.4703333333333333 0.105 0.12066666666666667
