0 0.3425 0.4563333333333333 0.235 0.31933333333333336
0 0.2025 0.2813333333333333 0.096 0.08
0 0.214 0.3436666666666667 0.092 0.13133333333333333
0 0.3625 0.315 0.084 0.10466666666666667
0 0.43425 0.33266666666666667 0.1035 0.24666666666666667
0 0.57625 0.47833333333333333 0.2485 0.214
0 0.59525 0.3953333333333333 0.2755 0.172
0 0.781 0.4523333333333333 0.145 0.182
0 0.6375 0.8106666666666666 0.378 0.376
0 0.30475 0.8596666666666667 0.2835 0.2713333333333333
0 0.1705 0.6773333333333333 0.304 0.31333333333333335
0 0.04725 0.466 0.0915 0.10933333333333334
0 0.059 0.593 0.117 0.154
