0 0.259765625 0.19856770833333334 0.24609375 0.23307291666666666
0 0.22216796875 0.4518229166666667 0.3251953125 0.3567708333333333
0 0.1240234375 0.6979166666666666 0.24609375 0.5677083333333334
0 0.48046875 0.6061197916666666 0.232421875 0.6393229166666666
0 0.6259765625 0.548828125 0.306640625 0.54296875
0 0.8837890625 0.5091145833333334 0.232421875 0.3567708333333333
0 0.7041015625 0.3697916666666667 0.193359375 0.25
0 0.62158203125 0.228515625 0.4306640625 0.23046875
0 0.86572265625 0.20963541666666666 0.2685546875 0.2786458333333333
0 0.6767578125 0.15104166666666666 0.1328125 0.11979166666666667
