0 0.49806201550387597 0.11933174224343675 0.3 0.2100238663484487
0 0.49573643410852714 0.31443914081145585 0.1496124031007752 0.4403341288782816
0 0.7465116279069768 0.22792362768496421 0.2062015503875969 0.4152744630071599
0 0.8523255813953489 0.3299522673031026 0.13410852713178295 0.44272076372315033
0 0.9341085271317829 0.5363961813842482 0.13178294573643412 0.5405727923627685
0 0.9682170542635659 0.2016706443914081 0.06356589147286822 0.2744630071599045
0 0.14147286821705427 0.3299522673031026 0.2813953488372093 0.18257756563245822
0 0.2 0.5059665871121718 0.39069767441860465 0.2720763723150358
0 0.17093023255813952 0.6974940334128878 0.33410852713178296 0.45465393794749404
0 0.33178294573643413 0.8120525059665871 0.4697674418604651 0.35918854415274465
