0 0.5133333333333333 0.43508114856429464 0.18 0.30586766541822724
0 0.7420833333333333 0.6591760299625468 0.2625 0.37702871410736577
0 0.6120833333333333 0.27340823970037453 0.38416666666666666 0.3445692883895131
0 0.5908333333333333 0.7116104868913857 0.22333333333333333 0.5493133583021224
0 0.3229166666666667 0.7184769038701623 0.2675 0.5181023720349563
0 0.25833333333333336 0.5630461922596754 0.2866666666666667 0.4469413233458177
0 0.09375 0.8039950062421972 0.17416666666666666 0.2596754057428215
0 0.085 0.5068664169787765 0.16833333333333333 0.1822721598002497
0 0.15208333333333332 0.38764044943820225 0.26916666666666667 0.18851435705368288
0 0.17375 0.25593008739076156 0.3258333333333333 0.2596754057428215
