0 0.912890625 0.6684179801517806 0.17421875 0.37244600116754234
0 0.780859375 0.6103327495621717 0.16171875 0.2632807939287799
0 0.597265625 0.6330998248686515 0.29921875 0.1978984238178634
0 0.524609375 0.8134851138353766 0.57578125 0.21657910099241098
0 0.433203125 0.6103327495621717 0.36015625 0.2772913018096906
0 0.1140625 0.690893169877408 0.1953125 0.2527729130180969
0 0.172265625 0.4982486865148862 0.33046875 0.23992994746059546
0 0.577734375 0.4652656158785756 0.49921875 0.1739638061879743
0 0.544921875 0.29859894921190894 0.49140625 0.20140105078809106
0 0.335546875 0.361646234676007 0.31484375 0.15469935785172212
0 0.20625 0.390251021599533 0.33125 0.19439579684763572
