0 0.9032407407407408 0.35505124450951686 0.16944444444444445 0.21961932650073207
0 0.7625 0.40922401171303074 0.16018518518518518 0.24158125915080528
0 0.6912037037037037 0.37005856515373353 0.21203703703703702 0.2745241581259151
0 0.3731481481481482 0.2478038067349927 0.2851851851851852 0.09736456808199122
0 0.5893518518518519 0.27159590043923865 0.25092592592592594 0.09956076134699854
0 0.22314814814814815 0.31808199121522696 0.3685185185185185 0.10322108345534407
0 0.2986111111111111 0.2730600292825769 0.32685185185185184 0.07174231332357248
0 0.325 0.390190336749634 0.387037037037037 0.21669106881405564
0 0.43842592592592594 0.42569546120058566 0.27314814814814814 0.24084919472913616
0 0.08518518518518518 0.7953879941434846 0.15555555555555556 0.37994143484626647
0 0.075 0.5922401171303074 0.1388888888888889 0.10248901903367497
