0 0.675390625 0.6850117096018735 0.26640625 0.550351288056206
0 0.94375 0.3366510538641686 0.1015625 0.39695550351288056
0 0.805859375 0.34894613583138173 0.09453125 0.3770491803278688
0 0.707421875 0.382903981264637 0.11171875 0.41217798594847777
0 0.598046875 0.29859484777517564 0.11171875 0.2693208430913349
0 0.49453125 0.19262295081967212 0.1109375 0.22365339578454332
0 0.481640625 0.4918032786885246 0.11171875 0.49414519906323184
0 0.3703125 0.27634660421545665 0.109375 0.32786885245901637
0 0.309765625 0.4344262295081967 0.17109375 0.4496487119437939
0 0.19375 0.5392271662763466 0.1703125 0.46252927400468385
0 0.15703125 0.22716627634660422 0.1140625 0.24355971896955503
0 0.051171875 0.2605386416861827 0.09453125 0.3337236533957845
