0 0.8505 0.3273333333333333 0.185 0.35333333333333333
0 0.6915 0.20266666666666666 0.113 0.25333333333333335
0 0.5585 0.404 0.191 0.2906666666666667
0 0.7395 0.7986666666666666 0.167 0.4026666666666667
0 0.629 0.676 0.214 0.47733333333333333
0 0.398 0.774 0.232 0.42
0 0.1255 0.8206666666666667 0.235 0.3586666666666667
0 0.091 0.5786666666666667 0.176 0.2773333333333333
0 0.2995 0.5873333333333334 0.151 0.4493333333333333
0 0.13 0.4 0.13 0.23733333333333334
0 0.4825 0.18866666666666668 0.093 0.25733333333333336
0 0.326 0.25533333333333336 0.264 0.23866666666666667
0 0.1185 0.21533333333333332 0.195 0.212
0 0.0565 0.09733333333333333 0.077 0.11733333333333333
0 0.2095 0.07333333333333333 0.105 0.10133333333333333
0 0.319 0.09733333333333333 0.208 0.096
0 0.4345 0.058 0.149 0.09733333333333333
