0 0.6277777777777778 0.309375 0.24444444444444444 0.20833333333333334
0 0.4888888888888889 0.10963541666666667 0.2740740740740741 0.15572916666666667
0 0.42592592592592593 0.18463541666666666 0.2611111111111111 0.08177083333333333
0 0.42916666666666664 0.25364583333333335 0.25462962962962965 0.134375
0 0.5773148148148148 0.41510416666666666 0.31203703703703706 0.17083333333333334
0 0.6763888888888889 0.63125 0.38425925925925924 0.25833333333333336
0 0.5398148148148149 0.7924479166666667 0.26481481481481484 0.35989583333333336
0 0.26342592592592595 0.6658854166666667 0.4009259259259259 0.30572916666666666
0 0.4199074074074074 0.49192708333333335 0.4583333333333333 0.11822916666666666
0 0.21435185185185185 0.4661458333333333 0.41574074074074074 0.171875
0 0.20416666666666666 0.35442708333333334 0.3972222222222222 0.09635416666666667
0 0.3263888888888889 0.30494791666666665 0.325 0.09427083333333333
0 0.13287037037037036 0.2565104166666667 0.25277777777777777 0.11927083333333334
