0 0.3234527687296417 0.3094618055555556 0.26905537459283385 0.18836805555555555
0 0.5381107491856677 0.3650173611111111 0.18371335504885994 0.15364583333333334
0 0.28501628664495116 0.18880208333333334 0.0996742671009772 0.08940972222222222
0 0.7664495114006514 0.203125 0.24039087947882737 0.12152777777777778
0 0.9315960912052117 0.17664930555555555 0.13680781758957655 0.1015625
0 0.8420195439739414 0.3003472222222222 0.23778501628664495 0.12152777777777778
0 0.7583061889250814 0.37109375 0.3700325732899023 0.1935763888888889
0 0.9345276872964169 0.4505208333333333 0.1257328990228013 0.11284722222222222
0 0.5042345276872964 0.6723090277777778 0.2241042345276873 0.3012152777777778
0 0.7 0.5143229166666666 0.20912052117263843 0.2786458333333333
0 0.8390879478827361 0.5577256944444444 0.31791530944625407 0.14149305555555555
0 0.7977198697068404 0.7838541666666666 0.4045602605863192 0.3923611111111111
0 0.33192182410423454 0.8736979166666666 0.5153094462540717 0.1987847222222222
0 0.17100977198697068 0.5247395833333334 0.34071661237785017 0.2508680555555556
0 0.20912052117263843 0.6796875 0.3856677524429967 0.3298611111111111
