0 0.4281609195402299 0.6122994652406417 0.29310344827586204 0.7754010695187166
0 0.6005747126436781 0.6283422459893048 0.39080459770114945 0.732620320855615
0 0.7025862068965517 0.39572192513368987 0.2672413793103448 0.3422459893048128
0 0.882183908045977 0.6443850267379679 0.23563218390804597 0.6898395721925134
0 0.6063218390804598 0.19518716577540107 0.6264367816091954 0.37967914438502676
0 0.14655172413793102 0.17647058823529413 0.28160919540229884 0.3315508021390374
0 0.14655172413793102 0.5828877005347594 0.28735632183908044 0.6524064171122995
0 0.07327586206896551 0.7486631016042781 0.13505747126436782 0.48128342245989303
0 0.6666666666666666 0.0748663101604278 0.1839080459770115 0.12834224598930483
0 0.8721264367816092 0.15775401069518716 0.25 0.29411764705882354
