0 0.8379629629629629 0.6277777777777778 0.12037037037037036 0.3345679012345679
0 0.6939814814814815 0.7604938271604939 0.19537037037037036 0.4222222222222222
0 0.21712962962962962 0.7895061728395062 0.29907407407407405 0.3469135802469136
0 0.3587962962962963 0.6129629629629629 0.11574074074074074 0.30493827160493825
0 0.4546296296296296 0.5246913580246914 0.07592592592592592 0.1506172839506173
0 0.6921296296296297 0.495679012345679 0.16574074074074074 0.13950617283950617
0 0.700925925925926 0.4524691358024691 0.2777777777777778 0.12222222222222222
0 0.7027777777777777 0.3530864197530864 0.12407407407407407 0.07654320987654321
0 0.624537037037037 0.3376543209876543 0.058333333333333334 0.13703703703703704
0 0.3976851851851852 0.35802469135802467 0.15833333333333333 0.14074074074074075
0 0.5143518518518518 0.341358024691358 0.13796296296296295 0.08271604938271605
0 0.512962962962963 0.44074074074074077 0.10555555555555556 0.145679012345679
0 0.36203703703703705 0.45493827160493827 0.2 0.16913580246913582
0 0.5180555555555556 0.6709876543209876 0.2101851851851852 0.3987654320987654
