0 0.78375 0.558125 0.3458333333333333 0.43375
0 0.5920833333333333 0.505625 0.14083333333333334 0.39125
0 0.48083333333333333 0.47125 0.10833333333333334 0.3525
0 0.37416666666666665 0.605 0.17333333333333334 0.52
0 0.17625 0.708125 0.2325 0.51625
0 0.16416666666666666 0.36375 0.13833333333333334 0.2875
0 0.41375 0.20375 0.2425 0.1475
0 0.3541666666666667 0.318125 0.16833333333333333 0.18875
0 0.6620833333333334 0.31625 0.2525 0.2275
0 0.8166666666666667 0.335 0.17833333333333334 0.315
0 0.5816666666666667 0.15625 0.20833333333333334 0.1375
0 0.3433333333333333 0.170625 0.22333333333333333 0.14125
