0 0.216796875 0.60625 0.21796875 0.24861111111111112
0 0.371484375 0.7048611111111112 0.13046875 0.3347222222222222
0 0.64296875 0.6958333333333333 0.1125 0.24444444444444444
0 0.7328125 0.6458333333333334 0.1359375 0.19722222222222222
0 0.748828125 0.5465277777777777 0.15234375 0.15416666666666667
0 0.784375 0.4861111111111111 0.06875 0.08888888888888889
0 0.815625 0.4354166666666667 0.0671875 0.07083333333333333
0 0.633203125 0.5402777777777777 0.06328125 0.08055555555555556
0 0.555859375 0.5847222222222223 0.09140625 0.20277777777777778
0 0.4984375 0.5861111111111111 0.1140625 0.24166666666666667
0 0.490625 0.4708333333333333 0.1265625 0.14444444444444443
0 0.543359375 0.46458333333333335 0.10703125 0.09305555555555556
