0 0.21157407407407408 0.7808641975308642 0.33055555555555555 0.3419753086419753
0 0.6888888888888889 0.7611111111111111 0.1962962962962963 0.4185185185185185
0 0.8277777777777777 0.6271604938271605 0.12037037037037036 0.3333333333333333
0 0.6842592592592592 0.5253086419753087 0.16111111111111112 0.18888888888888888
0 0.5199074074074074 0.6907407407407408 0.19537037037037036 0.4111111111111111
0 0.36203703703703705 0.6092592592592593 0.12037037037037036 0.3
0 0.45740740740740743 0.5339506172839507 0.09814814814814815 0.16419753086419753
0 0.49675925925925923 0.42530864197530865 0.09722222222222222 0.10493827160493827
0 0.7111111111111111 0.44938271604938274 0.26851851851851855 0.13333333333333333
0 0.6986111111111111 0.3530864197530864 0.125 0.07160493827160494
0 0.6236111111111111 0.33641975308641975 0.05648148148148148 0.11975308641975309
0 0.4009259259259259 0.35802469135802467 0.16111111111111112 0.12098765432098765
0 0.5087962962962963 0.3432098765432099 0.125 0.08395061728395062
0 0.35185185185185186 0.46111111111111114 0.1925925925925926 0.16913580246913582
