0 0.6783567134268537 0.6957831325301205 0.3867735470941884 0.23493975903614459
0 0.7314629258517034 0.4623493975903614 0.22444889779559118 0.22590361445783133
0 0.5290581162324649 0.42620481927710846 0.16432865731462926 0.08734939759036145
0 0.5160320641282565 0.5030120481927711 0.25851703406813625 0.12048192771084337
0 0.24949899799599198 0.8569277108433735 0.3066132264529058 0.286144578313253
0 0.3076152304609218 0.5210843373493976 0.21442885771543085 0.26506024096385544
0 0.2094188376753507 0.375 0.07414829659318638 0.14156626506024098
0 0.46092184368737477 0.33433734939759036 0.19238476953907815 0.1927710843373494
0 0.36472945891783565 0.3433734939759036 0.14829659318637275 0.12650602409638553
0 0.5671342685370742 0.20180722891566266 0.1683366733466934 0.14457831325301204
0 0.7094188376753507 0.12198795180722892 0.16432865731462926 0.12951807228915663
0 0.2154308617234469 0.5210843373493976 0.14228456913827656 0.1927710843373494
0 0.11222444889779559 0.6204819277108434 0.1282565130260521 0.18072289156626506
