0 0.86 0.6999212908303818 0.28 0.29004329004329005
0 0.4820833333333333 0.8065722156631248 0.5041666666666667 0.33254624163715074
0 0.16125 0.7367178276269185 0.2875 0.34868162140889414
0 0.3695833333333333 0.5395513577331759 0.2175 0.20149547422274694
0 0.5833333333333334 0.5228256591892956 0.16333333333333333 0.21526957890594253
0 0.74625 0.48760330578512395 0.24416666666666667 0.15348288075560804
0 0.7675 0.35911058638331367 0.22333333333333333 0.15545060999606455
0 0.89625 0.31601731601731603 0.2075 0.08264462809917356
0 0.7183333333333334 0.19913419913419914 0.22333333333333333 0.06847697756788666
0 0.52375 0.20602125147579692 0.10416666666666667 0.07201889020070838
0 0.63125 0.32723337268791813 0.21583333333333332 0.12711530893349074
0 0.39666666666666667 0.3821330184966549 0.33666666666666667 0.11491538764266036
0 0.22583333333333333 0.3561589925226289 0.31 0.12672176308539945
0 0.12125 0.4513970877607241 0.21416666666666667 0.1314443132624951
0 0.03333333333333333 0.2400629673356946 0.05333333333333334 0.07713498622589532
