0 0.19583333333333333 0.233125 0.12 0.26375
0 0.3625 0.285625 0.15166666666666667 0.24375
0 0.47708333333333336 0.640625 0.37583333333333335 0.60625
0 0.7420833333333333 0.34125 0.2891666666666667 0.295
0 0.6733333333333333 0.208125 0.205 0.16875
0 0.765 0.124375 0.15666666666666668 0.11875
0 0.8475 0.109375 0.145 0.11625
0 0.89 0.24125 0.08166666666666667 0.0975
0 0.45208333333333334 0.125 0.0625 0.1825
0 0.5229166666666667 0.139375 0.10416666666666667 0.18125
0 0.60625 0.0875 0.11583333333333333 0.1075
