0 0.828 0.41754122938530736 0.304 0.2143928035982009
0 0.622 0.4962518740629685 0.172 0.20389805097451275
0 0.428 0.20764617691154422 0.204 0.046476761619190406
0 0.447 0.31859070464767614 0.11 0.1904047976011994
0 0.276 0.2863568215892054 0.272 0.12293853073463268
0 0.217 0.35157421289355323 0.166 0.14842578710644677
0 0.241 0.5937031484257871 0.166 0.2518740629685157
0 0.382 0.48875562218890556 0.14 0.15592203898050974
0 0.441 0.7278860569715142 0.266 0.3493253373313343
0 0.682 0.6964017991004497 0.468 0.2893553223388306
