0 0.680078125 0.6826697892271663 0.26328125 0.5386416861826698
0 0.940234375 0.34894613583138173 0.11171875 0.3981264637002342
0 0.803515625 0.3483606557377049 0.09140625 0.382903981264637
0 0.70859375 0.3940281030444965 0.0984375 0.3992974238875878
0 0.600390625 0.2997658079625293 0.09921875 0.2693208430913349
0 0.507421875 0.19028103044496486 0.11328125 0.19789227166276346
0 0.484375 0.5 0.121875 0.48711943793911006
0 0.3671875 0.265807962529274 0.103125 0.31381733021077285
0 0.3125 0.43618266978922715 0.16875 0.44379391100702575
0 0.187109375 0.5468384074941453 0.14609375 0.4637002341920375
0 0.14921875 0.23770491803278687 0.1203125 0.2388758782201405
0 0.054296875 0.2646370023419204 0.09609375 0.3583138173302108
