0 0.4554166666666667 0.429375 0.5875 0.2425
0 0.56 0.1546875 0.23333333333333334 0.103125
0 0.7108333333333333 0.21875 0.13 0.08375
0 0.3575 0.1784375 0.30333333333333334 0.101875
0 0.5745833333333333 0.2290625 0.12416666666666666 0.099375
0 0.7608333333333334 0.3328125 0.22166666666666668 0.205625
0 0.37041666666666667 0.2503125 0.4175 0.069375
0 0.5066666666666667 0.311875 0.36333333333333334 0.1225
0 0.8358333333333333 0.5925 0.3283333333333333 0.36125
0 0.36375 0.6271875 0.6975 0.150625
0 0.3775 0.7678125 0.7533333333333333 0.200625
0 0.5466666666666666 0.9146875 0.9066666666666666 0.140625
