0 0.7545090180360722 0.6899109792284867 0.4148296593186373 0.44807121661721067
0 0.37975951903807614 0.5178041543026706 0.35070140280561124 0.3115727002967359
0 0.7414829659318637 0.4807121661721068 0.3847695390781563 0.2195845697329377
0 0.9649298597194389 0.4762611275964392 0.07014028056112225 0.27596439169139464
0 0.8296593186372746 0.16765578635014836 0.11623246492985972 0.13353115727002968
0 0.779559118236473 0.31008902077151335 0.11222444889779559 0.12166172106824925
0 0.8096192384769539 0.22700296735905046 0.20440881763527055 0.2403560830860534
0 0.6803607214428857 0.2878338278931751 0.11823647294589178 0.2314540059347181
0 0.5781563126252505 0.29821958456973297 0.11022044088176353 0.19287833827893175
0 0.4348697394789579 0.2922848664688427 0.22845691382765532 0.19287833827893175
0 0.07414829659318638 0.32344213649851633 0.13627254509018036 0.35014836795252224
0 0.17735470941883769 0.2997032640949555 0.12625250501002003 0.3798219584569733
0 0.27655310621242485 0.24629080118694363 0.09218436873747494 0.2433234421364985
0 0.3867735470941884 0.17359050445103857 0.12424849699398798 0.21068249258160238
0 0.6462925851703407 0.19584569732937684 0.15030060120240482 0.13649851632047477
0 0.5200400801603207 0.14391691394658754 0.18637274549098196 0.1572700296735905
0 0.27354709418837675 0.13353115727002968 0.22645290581162325 0.17210682492581603
