0 0.7604166666666666 0.33194444444444443 0.215625 0.4009259259259259
0 0.9140625 0.6666666666666666 0.13229166666666667 0.37777777777777777
0 0.8619791666666666 0.7162037037037037 0.26145833333333335 0.5583333333333333
0 0.6278645833333333 0.8222222222222222 0.25052083333333336 0.3296296296296296
0 0.39817708333333335 0.6773148148148148 0.37864583333333335 0.41759259259259257
0 0.17265625 0.8115740740740741 0.26197916666666665 0.3768518518518518
0 0.05130208333333333 0.7037037037037037 0.09427083333333333 0.5851851851851851
0 0.23098958333333333 0.31666666666666665 0.13697916666666668 0.43333333333333335
0 0.34010416666666665 0.16712962962962963 0.24583333333333332 0.2953703703703704
0 0.50390625 0.3537037037037037 0.12864583333333332 0.30925925925925923
0 0.5520833333333334 0.2611111111111111 0.20104166666666667 0.2722222222222222
