0 0.3729166666666667 0.6825 0.1625 0.415
0 0.6233333333333333 0.66125 0.22333333333333333 0.3175
0 0.42541666666666667 0.4675 0.15916666666666668 0.255
0 0.58875 0.41125 0.09416666666666666 0.1925
0 0.7425 0.475 0.25333333333333335 0.1925
0 0.9470833333333334 0.63625 0.10583333333333333 0.2825
0 0.8579166666666667 0.539375 0.09416666666666666 0.38625
0 0.7654166666666666 0.6575 0.22416666666666665 0.3625
0 0.56875 0.2375 0.1525 0.16
0 0.4008333333333333 0.301875 0.20666666666666667 0.16125
0 0.32166666666666666 0.19875 0.18833333333333332 0.14
0 0.3179166666666667 0.104375 0.12083333333333333 0.09625
0 0.6295833333333334 0.0875 0.11583333333333333 0.1125
0 0.545 0.085 0.145 0.145
