0 0.2652777777777778 0.7947860962566845 0.5046296296296297 0.27941176470588236
0 0.8597222222222223 0.6350267379679144 0.22685185185185186 0.30213903743315507
0 0.8717592592592592 0.4612299465240642 0.2361111111111111 0.17914438502673796
0 0.10972222222222222 0.42379679144385024 0.15092592592592594 0.24064171122994651
0 0.17731481481481481 0.36163101604278075 0.10462962962962963 0.17780748663101603
0 0.2814814814814815 0.4184491978609626 0.20185185185185187 0.16844919786096257
0 0.27314814814814814 0.33489304812834225 0.13703703703703704 0.07887700534759358
0 0.42407407407407405 0.3783422459893048 0.10185185185185185 0.16042780748663102
0 0.5361111111111111 0.3482620320855615 0.13333333333333333 0.1483957219251337
0 0.6967592592592593 0.40307486631016043 0.14166666666666666 0.1163101604278075
0 0.46296296296296297 0.5026737967914439 0.14629629629629629 0.2620320855614973
0 0.5597222222222222 0.43783422459893045 0.13425925925925927 0.10561497326203209
0 0.6143518518518518 0.5655080213903744 0.2490740740740741 0.2887700534759358
