0 0.421484375 0.41510416666666666 0.23359375 0.14895833333333333
0 0.611328125 0.46875 0.18515625 0.17708333333333334
0 0.82265625 0.5302083333333333 0.184375 0.22083333333333333
0 0.948046875 0.5776041666666667 0.10390625 0.19895833333333332
0 0.921875 0.4546875 0.1390625 0.13020833333333334
0 0.82265625 0.7744791666666667 0.1734375 0.384375
0 0.49140625 0.9125 0.228125 0.13541666666666666
0 0.404296875 0.8338541666666667 0.49140625 0.22395833333333334
0 0.438671875 0.6760416666666667 0.41953125 0.17916666666666667
0 0.434765625 0.5619791666666667 0.40703125 0.140625
