0 0.41898148148148145 0.1993827160493827 0.0787037037037037 0.1765432098765432
0 0.7541666666666667 0.2932098765432099 0.11203703703703703 0.18395061728395062
0 0.9601851851851851 0.558641975308642 0.07962962962962963 0.2679012345679012
0 0.8837962962962963 0.6493827160493827 0.1361111111111111 0.24938271604938272
0 0.7763888888888889 0.6228395061728395 0.1935185185185185 0.38395061728395063
0 0.6759259259259259 0.654320987654321 0.22777777777777777 0.4345679012345679
0 0.5476851851851852 0.6339506172839506 0.24166666666666667 0.37160493827160496
0 0.4356481481481482 0.6432098765432098 0.25462962962962965 0.43703703703703706
0 0.28564814814814815 0.7314814814814815 0.1824074074074074 0.4728395061728395
0 0.13518518518518519 0.7475308641975309 0.20925925925925926 0.4283950617283951
0 0.48842592592592593 0.8771604938271605 0.287962962962963 0.17901234567901234
0 0.6787037037037037 0.3728395061728395 0.19814814814814816 0.12839506172839507
0 0.8018518518518518 0.4425925925925926 0.16296296296296298 0.10740740740740741
0 0.4898148148148148 0.387037037037037 0.18703703703703703 0.14444444444444443
0 0.38935185185185184 0.3814814814814815 0.1824074074074074 0.17037037037037037
0 0.22175925925925927 0.4123456790123457 0.23981481481481481 0.24444444444444444
0 0.20879629629629629 0.30987654320987656 0.10833333333333334 0.2222222222222222
0 0.1736111111111111 0.25308641975308643 0.23796296296296296 0.2617283950617284
