0 0.17041666666666666 0.331875 0.11583333333333333 0.29625
0 0.275 0.295625 0.09666666666666666 0.34125
0 0.7866666666666666 0.22875 0.19333333333333333 0.1775
0 0.8441666666666666 0.44625 0.17166666666666666 0.32
0 0.80375 0.6125 0.1325 0.395
0 0.9120833333333334 0.83 0.17583333333333334 0.2775
0 0.6820833333333334 0.453125 0.1375 0.28875
0 0.64625 0.731875 0.2175 0.48125
0 0.42 0.713125 0.195 0.53375
0 0.17166666666666666 0.705625 0.20333333333333334 0.50625
0 0.38958333333333334 0.345 0.19083333333333333 0.235
0 0.535 0.465 0.15666666666666668 0.41
