0 0.27587890625 0.13541666666666666 0.5478515625 0.2604166666666667
0 0.9443359375 0.318359375 0.111328125 0.3606770833333333
0 0.91748046875 0.6614583333333334 0.1650390625 0.3541666666666667
0 0.4423828125 0.865234375 0.763671875 0.26953125
0 0.8037109375 0.5299479166666666 0.208984375 0.4401041666666667
0 0.79931640625 0.3326822916666667 0.2568359375 0.41015625
0 0.63525390625 0.4192708333333333 0.2646484375 0.53125
0 0.45166015625 0.5078125 0.3447265625 0.6380208333333334
0 0.35546875 0.4303385416666667 0.234375 0.5924479166666666
0 0.1689453125 0.5026041666666666 0.32421875 0.6979166666666666
0 0.0546875 0.5533854166666666 0.107421875 0.5572916666666666
