0 0.85125 0.2538888888888889 0.2175 0.15666666666666668
0 0.5875 0.26555555555555554 0.08166666666666667 0.19777777777777777
0 0.89 0.46555555555555556 0.16333333333333333 0.31555555555555553
0 0.7045833333333333 0.43333333333333335 0.2425 0.19555555555555557
0 0.43666666666666665 0.4288888888888889 0.13666666666666666 0.19555555555555557
0 0.47708333333333336 0.3688888888888889 0.23916666666666667 0.21777777777777776
0 0.7275 0.5888888888888889 0.21 0.2577777777777778
0 0.9070833333333334 0.8161111111111111 0.18083333333333335 0.3655555555555556
0 0.7683333333333333 0.8222222222222222 0.16333333333333333 0.24444444444444444
0 0.6333333333333333 0.84 0.175 0.32
0 0.5016666666666667 0.7877777777777778 0.215 0.42444444444444446
0 0.4529166666666667 0.6438888888888888 0.3641666666666667 0.3433333333333333
