0 0.8337962962962963 0.2847222222222222 0.15092592592592594 0.10416666666666667
0 0.7074074074074074 0.22847222222222222 0.18703703703703703 0.1
0 0.5819444444444445 0.3059027777777778 0.25462962962962965 0.08958333333333333
0 0.4976851851851852 0.275 0.25092592592592594 0.09444444444444444
0 0.39166666666666666 0.2545138888888889 0.2 0.07708333333333334
0 0.2013888888888889 0.27708333333333335 0.24537037037037038 0.06805555555555555
0 0.3449074074074074 0.3267361111111111 0.24722222222222223 0.10486111111111111
0 0.7027777777777777 0.3888888888888889 0.5074074074074074 0.12638888888888888
0 0.799074074074074 0.48854166666666665 0.40185185185185185 0.14097222222222222
0 0.5046296296296297 0.534375 0.5333333333333333 0.21597222222222223
0 0.36574074074074076 0.6402777777777777 0.7111111111111111 0.2013888888888889
0 0.13703703703703704 0.48159722222222223 0.2611111111111111 0.1423611111111111
