0 0.72 0.802962962962963 0.19 0.37925925925925924
0 0.8941666666666667 0.5548148148148148 0.07833333333333334 0.25333333333333335
0 0.7808333333333334 0.4948148148148148 0.11166666666666666 0.1925925925925926
0 0.61375 0.6022222222222222 0.10583333333333333 0.24444444444444444
0 0.6104166666666667 0.5177777777777778 0.1675 0.17629629629629628
0 0.5170833333333333 0.4792592592592593 0.10916666666666666 0.1288888888888889
0 0.44875 0.4437037037037037 0.13083333333333333 0.1348148148148148
0 0.45875 0.62 0.0975 0.30962962962962964
0 0.34375 0.6029629629629629 0.1725 0.2874074074074074
0 0.36 0.9118518518518518 0.2833333333333333 0.17629629629629628
