0 0.234375 0.3125 0.125 0.4324074074074074
0 0.3419270833333333 0.18101851851851852 0.22864583333333333 0.3101851851851852
0 0.4622395833333333 0.0625 0.06614583333333333 0.12314814814814815
0 0.76875 0.33935185185185185 0.23229166666666667 0.462037037037037
0 0.559375 0.262037037037037 0.21875 0.2722222222222222
0 0.5098958333333333 0.3560185185185185 0.14270833333333333 0.30833333333333335
0 0.9192708333333334 0.6722222222222223 0.134375 0.3592592592592593
0 0.86328125 0.7027777777777777 0.2671875 0.5851851851851851
0 0.640625 0.8333333333333334 0.25833333333333336 0.31296296296296294
0 0.403125 0.6648148148148149 0.38958333333333334 0.3851851851851852
0 0.19453125 0.8138888888888889 0.24427083333333333 0.37222222222222223
0 0.058854166666666666 0.7046296296296296 0.11041666666666666 0.5907407407407408
