0 0.8770614692653673 0.808 0.239880059970015 0.384
0 0.9580209895052474 0.784 0.08395802098950525 0.24
0 0.5869565217391305 0.88 0.2653673163418291 0.24
0 0.7548725637181409 0.525 0.16041979010494753 0.43
0 0.8695652173913043 0.22 0.08395802098950525 0.184
0 0.8185907046476761 0.115 0.09295352323838081 0.166
0 0.6394302848575713 0.167 0.22938530734632684 0.146
0 0.7293853073463268 0.071 0.13343328335832083 0.106
0 0.44227886056971516 0.067 0.191904047976012 0.114
0 0.5794602698650675 0.048 0.136431784107946 0.08
0 0.545727136431784 0.408 0.095952023988006 0.38
0 0.6731634182908546 0.366 0.14392803598200898 0.248
0 0.3950524737631184 0.238 0.14842578710644677 0.264
0 0.16266866566716642 0.354 0.22638680659670166 0.28
0 0.25112443778110943 0.364 0.27136431784107945 0.224
0 0.2893553223388306 0.576 0.26686656671664166 0.272
0 0.4490254872563718 0.585 0.1424287856071964 0.474
