0 0.2607421875 0.10677083333333333 0.51953125 0.203125
0 0.916015625 0.662109375 0.16796875 0.35546875
0 0.94140625 0.3079427083333333 0.1171875 0.35546875
0 0.80810546875 0.5358072916666666 0.1904296875 0.42578125
0 0.79541015625 0.3294270833333333 0.2646484375 0.4114583333333333
0 0.62744140625 0.4134114583333333 0.2431640625 0.5377604166666666
0 0.43115234375 0.8606770833333334 0.7822265625 0.2786458333333333
0 0.46533203125 0.5227864583333334 0.3193359375 0.6705729166666666
0 0.37158203125 0.4322916666666667 0.2607421875 0.625
0 0.1845703125 0.4889322916666667 0.3203125 0.6888020833333334
0 0.05712890625 0.5579427083333334 0.1103515625 0.5455729166666666
