0 0.8470833333333333 0.24666666666666667 0.20416666666666666 0.16444444444444445
0 0.5995833333333334 0.2733333333333333 0.07583333333333334 0.19777777777777777
0 0.4716666666666667 0.38222222222222224 0.24833333333333332 0.20444444444444446
0 0.43583333333333335 0.42833333333333334 0.165 0.21888888888888888
0 0.70125 0.42 0.2475 0.19111111111111112
0 0.89375 0.4716666666666667 0.15416666666666667 0.3322222222222222
0 0.715 0.6038888888888889 0.19333333333333333 0.2477777777777778
0 0.4504166666666667 0.6472222222222223 0.3858333333333333 0.36333333333333334
0 0.49125 0.7844444444444445 0.18416666666666667 0.4111111111111111
0 0.6366666666666667 0.8283333333333334 0.16833333333333333 0.3433333333333333
0 0.7720833333333333 0.8088888888888889 0.18916666666666668 0.23777777777777778
0 0.9079166666666667 0.8222222222222222 0.18416666666666667 0.35555555555555557
