0 0.24875 0.131875 0.21916666666666668 0.21625
0 0.74875 0.194375 0.19583333333333333 0.33375
0 0.50625 0.164375 0.19583333333333333 0.24125
0 0.36375 0.22375 0.16083333333333333 0.1325
0 0.4633333333333333 0.419375 0.5366666666666666 0.42375
0 0.8995833333333333 0.718125 0.20083333333333334 0.56375
0 0.715 0.799375 0.18833333333333332 0.40125
0 0.5325 0.75875 0.17666666666666667 0.4825
0 0.335 0.8475 0.20166666666666666 0.305
0 0.03208333333333333 0.4825 0.0625 0.31
0 0.12125 0.58125 0.23583333333333334 0.5425
0 0.18125 0.7325 0.2875 0.535
