0 0.6429166666666667 0.5494444444444444 0.25583333333333336 0.21444444444444444
0 0.4979166666666667 0.37166666666666665 0.13583333333333333 0.11
0 0.4483333333333333 0.4177777777777778 0.125 0.1288888888888889
0 0.27958333333333335 0.37777777777777777 0.21583333333333332 0.07333333333333333
0 0.27875 0.42055555555555557 0.26916666666666667 0.052222222222222225
0 0.3225 0.4527777777777778 0.2916666666666667 0.056666666666666664
0 0.3204166666666667 0.4938888888888889 0.2175 0.11888888888888889
0 0.4325 0.5461111111111111 0.175 0.18333333333333332
0 0.29791666666666666 0.7055555555555556 0.1575 0.30444444444444446
0 0.4979166666666667 0.665 0.21916666666666668 0.2966666666666667
0 0.7145833333333333 0.8327777777777777 0.32416666666666666 0.33444444444444443
0 0.5375 0.8811111111111111 0.24666666666666667 0.23777777777777778
