0 0.8185185185185185 0.290625 0.14444444444444443 0.14930555555555555
0 0.7 0.2222222222222222 0.1537037037037037 0.08472222222222223
0 0.5828703703703704 0.30416666666666664 0.25277777777777777 0.09444444444444444
0 0.49953703703703706 0.2708333333333333 0.20462962962962963 0.09027777777777778
0 0.3726851851851852 0.25104166666666666 0.20462962962962963 0.06875
0 0.1787037037037037 0.2722222222222222 0.20185185185185187 0.06944444444444445
0 0.3300925925925926 0.3298611111111111 0.23981481481481481 0.11527777777777778
0 0.6976851851851852 0.390625 0.4824074074074074 0.12291666666666666
0 0.8162037037037037 0.49375 0.3675925925925926 0.15694444444444444
0 0.4861111111111111 0.5239583333333333 0.5074074074074074 0.1701388888888889
0 0.38101851851851853 0.6197916666666666 0.687962962962963 0.19236111111111112
0 0.1361111111111111 0.4822916666666667 0.19444444444444445 0.1423611111111111
