0 0.8730053191489362 0.679 0.25398936170212766 0.626
0 0.6589095744680851 0.715 0.46675531914893614 0.57
0 0.7878989361702128 0.271 0.17952127659574468 0.262
0 0.6117021276595744 0.152 0.300531914893617 0.248
0 0.6283244680851063 0.399 0.2566489361702128 0.418
0 0.44481382978723405 0.347 0.2779255319148936 0.29
0 0.3045212765957447 0.659 0.29521276595744683 0.682
0 0.16023936170212766 0.325 0.28324468085106386 0.37
0 0.2666223404255319 0.125 0.19547872340425532 0.158
0 0.293218085106383 0.071 0.20877659574468085 0.138
0 0.06715425531914894 0.079 0.13164893617021275 0.11
0 0.08377659574468085 0.231 0.15691489361702127 0.246
