0 0.43842592592592594 0.7050408719346049 0.24722222222222223 0.2683923705722071
0 0.725462962962963 0.6791553133514986 0.2712962962962963 0.3119891008174387
0 0.20462962962962963 0.6811989100817438 0.2074074074074074 0.26430517711171664
0 0.3768518518518518 0.49727520435967304 0.10555555555555556 0.19618528610354224
0 0.45787037037037037 0.510899182561308 0.10648148148148148 0.13896457765667575
0 0.5986111111111111 0.5245231607629428 0.1712962962962963 0.11716621253405994
0 0.5138888888888888 0.4271117166212534 0.06296296296296296 0.13760217983651227
0 0.6453703703703704 0.43869209809264303 0.07222222222222222 0.12534059945504086
0 0.725 0.45231607629427795 0.1 0.16893732970027248
0 0.5634259259259259 0.42370572207084467 0.0712962962962963 0.07084468664850137
