0 0.7675 0.24 0.13833333333333334 0.38814814814814813
0 0.8441666666666666 0.5488888888888889 0.23333333333333334 0.4874074074074074
0 0.9370833333333334 0.86 0.12583333333333332 0.28
0 0.6495833333333333 0.6037037037037037 0.16083333333333333 0.6533333333333333
0 0.47625 0.22814814814814816 0.23416666666666666 0.3022222222222222
0 0.46458333333333335 0.4955555555555556 0.1725 0.4162962962962963
0 0.36125 0.3207407407407407 0.25583333333333336 0.25925925925925924
0 0.26666666666666666 0.24962962962962962 0.22 0.3333333333333333
0 0.09291666666666666 0.3288888888888889 0.16416666666666666 0.3288888888888889
0 0.049166666666666664 0.5214814814814814 0.09666666666666666 0.43851851851851853
0 0.05625 0.8474074074074074 0.10416666666666667 0.2903703703703704
0 0.2920833333333333 0.654074074074074 0.1875 0.5022222222222222
0 0.3879166666666667 0.8140740740740741 0.35083333333333333 0.3718518518518519
