0 0.861574074074074 0.6283422459893048 0.23055555555555557 0.27807486631016043
0 0.8782407407407408 0.46858288770053474 0.24166666666666667 0.2232620320855615
0 0.6143518518518518 0.5882352941176471 0.2175925925925926 0.3155080213903743
0 0.7148148148148148 0.4264705882352941 0.11296296296296296 0.14171122994652408
0 0.4587962962962963 0.5280748663101604 0.13240740740740742 0.2540106951871658
0 0.5708333333333333 0.45120320855614976 0.1638888888888889 0.10561497326203209
0 0.5365740740740741 0.3629679144385027 0.13796296296296295 0.1537433155080214
0 0.41759259259259257 0.3783422459893048 0.1037037037037037 0.11229946524064172
0 0.2824074074074074 0.42580213903743314 0.17222222222222222 0.15106951871657753
0 0.09907407407407408 0.4358288770053476 0.13148148148148148 0.25668449197860965
0 0.16527777777777777 0.38636363636363635 0.08796296296296297 0.2192513368983957
0 0.27685185185185185 0.8201871657754011 0.5092592592592593 0.35962566844919786
