0 0.7800925925925926 0.465625 0.18796296296296297 0.37430555555555556
0 0.2935185185185185 0.4465277777777778 0.34629629629629627 0.3597222222222222
0 0.08888888888888889 0.42604166666666665 0.16666666666666666 0.36875
0 0.20787037037037037 0.20590277777777777 0.25833333333333336 0.17291666666666666
0 0.4615740740740741 0.39479166666666665 0.33055555555555555 0.34930555555555554
0 0.6333333333333333 0.26180555555555557 0.11296296296296296 0.16527777777777777
0 0.7898148148148149 0.26840277777777777 0.18888888888888888 0.17430555555555555
0 0.8893518518518518 0.25625 0.2212962962962963 0.275
0 0.6291666666666667 0.1267361111111111 0.3287037037037037 0.1326388888888889
0 0.48935185185185187 0.1986111111111111 0.17314814814814813 0.2
0 0.3907407407407407 0.16666666666666666 0.12962962962962962 0.16944444444444445
