0 0.2359375 0.6223958333333334 0.234375 0.578125
0 0.31484375 0.4890625 0.15625 0.409375
0 0.38046875 0.4005208333333333 0.1484375 0.28229166666666666
0 0.872265625 0.6052083333333333 0.24765625 0.5041666666666667
0 0.628515625 0.6552083333333333 0.16171875 0.5895833333333333
0 0.4703125 0.6333333333333333 0.1484375 0.55625
0 0.71015625 0.415625 0.1125 0.31875
0 0.565234375 0.31145833333333334 0.21484375 0.15833333333333333
0 0.612890625 0.19895833333333332 0.15703125 0.16458333333333333
0 0.425 0.21458333333333332 0.225 0.14166666666666666
0 0.3375 0.2765625 0.29375 0.13229166666666667
