0 0.21458333333333332 0.5390625 0.23583333333333334 0.236875
0 0.6054166666666667 0.884375 0.7641666666666667 0.23125
0 0.6975 0.705 0.43333333333333335 0.2875
0 0.8425 0.664375 0.315 0.20125
0 0.7879166666666667 0.5071875 0.4241666666666667 0.174375
0 0.6704166666666667 0.364375 0.25583333333333336 0.10625
0 0.83125 0.32125 0.2225 0.13625
0 0.4141666666666667 0.3428125 0.18666666666666668 0.108125
0 0.285 0.3509375 0.07833333333333334 0.104375
0 0.10458333333333333 0.3484375 0.11916666666666667 0.081875
0 0.12875 0.4246875 0.12916666666666668 0.093125
0 0.33125 0.2634375 0.20416666666666666 0.049375
0 0.18166666666666667 0.3109375 0.13166666666666665 0.091875
0 0.06458333333333334 0.285625 0.11083333333333334 0.05375
