0 0.7503846153846154 0.3905867970660147 0.1776923076923077 0.24327628361858192
0 0.558076923076923 0.38508557457212717 0.21307692307692308 0.254278728606357
0 0.5265384615384615 0.7004889975550123 0.3069230769230769 0.5599022004889975
0 0.21269230769230768 0.6185819070904646 0.40076923076923077 0.4841075794621027
0 0.32153846153846155 0.38264058679706603 0.20153846153846153 0.1271393643031785
0 0.38076923076923075 0.2561124694376528 0.14615384615384616 0.2114914425427873
0 0.27192307692307693 0.25794621026894865 0.10230769230769231 0.15158924205378974
0 0.22576923076923078 0.18581907090464547 0.040769230769230766 0.10268948655256724
0 0.13076923076923078 0.2756723716381418 0.13692307692307693 0.1845965770171149
0 0.12846153846153846 0.1558679706601467 0.03538461538461538 0.0843520782396088
0 0.047692307692307694 0.17970660146699266 0.07692307692307693 0.09290953545232274
