0 0.850390625 0.3952941176470588 0.24609375 0.40705882352941175
0 0.6921875 0.3723529411764706 0.1484375 0.38
0 0.43359375 0.17529411764705882 0.1515625 0.34352941176470586
0 0.535546875 0.3270588235294118 0.16484375 0.38588235294117645
0 0.735546875 0.6523529411764706 0.39140625 0.2788235294117647
0 0.70546875 0.7852941176470588 0.346875 0.3235294117647059
0 0.4640625 0.6023529411764705 0.21875 0.5764705882352941
0 0.551953125 0.8905882352941177 0.48515625 0.18588235294117647
0 0.37109375 0.9564705882352941 0.35 0.08705882352941176
0 0.14765625 0.7741176470588236 0.290625 0.3458823529411765
0 0.222265625 0.6805882352941176 0.37890625 0.4082352941176471
0 0.24609375 0.4611764705882353 0.2875 0.26588235294117646
0 0.22578125 0.2952941176470588 0.171875 0.2847058823529412
0 0.198828125 0.22647058823529412 0.29453125 0.3611764705882353
0 0.075390625 0.8835294117647059 0.13515625 0.23294117647058823
0 0.040234375 0.31470588235294117 0.07109375 0.39176470588235296
