0 0.6569148936170213 0.718 0.48138297872340424 0.564
0 0.8763297872340425 0.691 0.24468085106382978 0.618
0 0.2945478723404255 0.665 0.3071808510638298 0.658
0 0.4421542553191489 0.354 0.28856382978723405 0.3
0 0.6309840425531915 0.397 0.2699468085106383 0.438
0 0.824468085106383 0.259 0.2074468085106383 0.25
0 0.620345744680851 0.162 0.2992021276595745 0.272
0 0.3045212765957447 0.069 0.21010638297872342 0.134
0 0.28257978723404253 0.138 0.18218085106382978 0.152
0 0.14827127659574468 0.116 0.15558510638297873 0.104
0 0.08111702127659574 0.222 0.15691489361702127 0.232
0 0.17220744680851063 0.324 0.3045212765957447 0.396
