0 0.6484257871064468 0.723 0.5592203898050975 0.518
0 0.8875562218890555 0.707 0.22488755622188905 0.55
0 0.11619190404797601 0.737 0.22638680659670166 0.514
0 0.2158920539730135 0.621 0.31784107946026985 0.478
0 0.13268365817091454 0.354 0.22338830584707647 0.328
0 0.3305847076461769 0.244 0.30434782608695654 0.192
0 0.6019490254872564 0.329 0.6581709145427287 0.158
0 0.6664167916041979 0.436 0.6461769115442278 0.164
0 0.4332833583208396 0.214 0.3238380809595202 0.18
0 0.6101949025487257 0.204 0.3328335832083958 0.204
