0 0.23932291666666666 0.3226851851851852 0.11822916666666666 0.43425925925925923
0 0.34453125 0.17962962962962964 0.23489583333333333 0.3074074074074074
0 0.4671875 0.06296296296296296 0.0625 0.12407407407407407
0 0.5611979166666666 0.262037037037037 0.2171875 0.2814814814814815
0 0.5036458333333333 0.34444444444444444 0.15104166666666666 0.3148148148148148
0 0.7645833333333333 0.3449074074074074 0.22916666666666666 0.4287037037037037
0 0.9161458333333333 0.6648148148148149 0.13125 0.3851851851851852
0 0.8611979166666667 0.7087962962962963 0.27760416666666665 0.5805555555555556
0 0.6440104166666667 0.825 0.25677083333333334 0.35
0 0.40572916666666664 0.6986111111111111 0.35520833333333335 0.39537037037037037
0 0.18411458333333333 0.8111111111111111 0.24739583333333334 0.37777777777777777
0 0.05859375 0.6912037037037037 0.10989583333333333 0.5583333333333333
