0 0.44730392156862747 0.40625 0.5089869281045751 0.19975490196078433
0 0.7230392156862745 0.5119485294117647 0.2369281045751634 0.09129901960784313
0 0.9007352941176471 0.3008578431372549 0.12990196078431374 0.16911764705882354
0 0.4758986928104575 0.18351715686274508 0.24918300653594772 0.19301470588235295
0 0.16584967320261437 0.22916666666666666 0.31862745098039214 0.16666666666666666
0 0.7875816993464052 0.13756127450980393 0.10784313725490197 0.20649509803921567
0 0.5776143790849673 0.09037990196078431 0.3284313725490196 0.13419117647058823
0 0.7160947712418301 0.7607230392156863 0.2704248366013072 0.43933823529411764
0 0.5306372549019608 0.7745098039215687 0.2034313725490196 0.44730392156862747
0 0.32802287581699346 0.7503063725490197 0.24428104575163398 0.47120098039215685
