0 0.7435 0.804 0.173 0.3893333333333333
0 0.861 0.3353333333333333 0.164 0.3506666666666667
0 0.6945 0.20666666666666667 0.107 0.272
0 0.477 0.21 0.116 0.276
0 0.5655 0.412 0.177 0.30666666666666664
0 0.6215 0.6833333333333333 0.177 0.484
0 0.423 0.7873333333333333 0.224 0.404
0 0.305 0.574 0.164 0.444
0 0.118 0.8206666666666667 0.202 0.3586666666666667
0 0.0925 0.5786666666666667 0.163 0.25333333333333335
0 0.1345 0.39866666666666667 0.123 0.21333333333333335
0 0.334 0.25133333333333335 0.248 0.212
0 0.1175 0.20866666666666667 0.165 0.19866666666666666
0 0.331 0.11333333333333333 0.188 0.08
0 0.2035 0.17466666666666666 0.129 0.304
0 0.4215 0.05466666666666667 0.111 0.07733333333333334
