0 0.5337962962962963 0.3763888888888889 0.20833333333333334 0.37777777777777777
0 0.8282407407407407 0.28680555555555554 0.09722222222222222 0.15694444444444444
0 0.8384259259259259 0.15 0.10462962962962963 0.11944444444444445
0 0.7657407407407407 0.14652777777777778 0.08333333333333333 0.1597222222222222
0 0.6504629629629629 0.15902777777777777 0.11203703703703703 0.15416666666666667
0 0.5708333333333333 0.10208333333333333 0.058333333333333334 0.12083333333333333
0 0.5101851851851852 0.09861111111111111 0.06111111111111111 0.08611111111111111
0 0.48564814814814816 0.17708333333333334 0.18055555555555555 0.09027777777777778
0 0.3680555555555556 0.2902777777777778 0.14166666666666666 0.24444444444444444
0 0.3111111111111111 0.17430555555555555 0.17037037037037037 0.09027777777777778
0 0.17916666666666667 0.36875 0.2712962962962963 0.31527777777777777
