0 0.42291666666666666 0.2125 0.09027777777777778 0.17685185185185184
0 0.7579861111111111 0.29444444444444445 0.14097222222222222 0.1814814814814815
0 0.9579861111111111 0.562962962962963 0.08402777777777778 0.3037037037037037
0 0.8954861111111111 0.6486111111111111 0.12569444444444444 0.24351851851851852
0 0.8149305555555556 0.46064814814814814 0.1798611111111111 0.13055555555555556
0 0.6840277777777778 0.37592592592592594 0.2222222222222222 0.15925925925925927
0 0.478125 0.40879629629629627 0.20902777777777778 0.1935185185185185
0 0.378125 0.36064814814814816 0.1951388888888889 0.1527777777777778
0 0.240625 0.4199074074074074 0.23125 0.22870370370370371
0 0.2222222222222222 0.3148148148148148 0.10833333333333334 0.2
0 0.1482638888888889 0.2773148148148148 0.2298611111111111 0.23425925925925925
0 0.13159722222222223 0.762962962962963 0.2048611111111111 0.4537037037037037
0 0.2777777777777778 0.7333333333333333 0.2111111111111111 0.5148148148148148
0 0.5003472222222223 0.8722222222222222 0.3298611111111111 0.25555555555555554
0 0.4170138888888889 0.6430555555555556 0.27569444444444446 0.4675925925925926
0 0.5420138888888889 0.6361111111111111 0.26319444444444445 0.3888888888888889
0 0.6611111111111111 0.6393518518518518 0.22916666666666666 0.4361111111111111
0 0.7739583333333333 0.6370370370370371 0.20208333333333334 0.40925925925925927
