0 0.7275 0.6529338327091136 0.22666666666666666 0.37203495630461925
0 0.62375 0.266541822721598 0.3641666666666667 0.3233458177278402
0 0.51625 0.4207240948813982 0.15416666666666667 0.29712858926342073
0 0.59375 0.7103620474406991 0.2125 0.5742821473158551
0 0.35125 0.7253433208489388 0.20583333333333334 0.5493133583021224
0 0.26916666666666667 0.5543071161048689 0.24833333333333332 0.4019975031210986
0 0.09458333333333334 0.8102372034956304 0.18416666666666667 0.2671660424469413
0 0.08375 0.5043695380774033 0.1575 0.17478152309612985
0 0.14625 0.40012484394506864 0.27416666666666667 0.19350811485642946
0 0.16958333333333334 0.24906367041198502 0.3258333333333333 0.2209737827715356
