0 0.856 0.32266666666666666 0.176 0.3466666666666667
0 0.686 0.21266666666666667 0.094 0.27066666666666667
0 0.841 0.07066666666666667 0.18 0.13066666666666665
0 0.641 0.07266666666666667 0.174 0.132
0 0.4315 0.050666666666666665 0.141 0.08533333333333333
0 0.483 0.21 0.108 0.28933333333333333
0 0.3235 0.252 0.241 0.22666666666666666
0 0.1155 0.206 0.139 0.22
0 0.207 0.076 0.092 0.09066666666666667
0 0.3305 0.10066666666666667 0.205 0.07866666666666666
0 0.1235 0.388 0.123 0.22933333333333333
0 0.303 0.5733333333333334 0.122 0.448
0 0.563 0.404 0.146 0.30933333333333335
0 0.733 0.7986666666666666 0.184 0.3973333333333333
0 0.634 0.6806666666666666 0.172 0.4653333333333333
0 0.414 0.7793333333333333 0.236 0.43333333333333335
0 0.0975 0.562 0.171 0.212
0 0.0385 0.7546666666666667 0.075 0.184
0 0.114 0.81 0.208 0.372
