0 0.3516666666666667 0.22191011235955055 0.17 0.3202247191011236
0 0.51125 0.1651685393258427 0.09583333333333334 0.3101123595505618
0 0.59875 0.13651685393258428 0.07916666666666666 0.23258426966292134
0 0.71625 0.15786516853932583 0.17083333333333334 0.2303370786516854
0 0.8133333333333334 0.22415730337078651 0.195 0.16067415730337078
0 0.7179166666666666 0.35168539325842696 0.35083333333333333 0.19550561797752808
0 0.43625 0.5174157303370787 0.2675 0.3898876404494382
0 0.6241666666666666 0.4691011235955056 0.37166666666666665 0.3292134831460674
0 0.5770833333333333 0.6971910112359551 0.3908333333333333 0.4460674157303371
0 0.8916666666666667 0.5022471910112359 0.21666666666666667 0.31910112359550563
0 0.8879166666666667 0.7702247191011236 0.22416666666666665 0.21685393258426966
