0 0.7203703703703703 0.43866171003717475 0.09074074074074075 0.20322180916976457
0 0.44351851851851853 0.3451053283767038 0.12222222222222222 0.10037174721189591
0 0.49953703703703706 0.37670384138785623 0.1361111111111111 0.09417596034696406
0 0.5597222222222222 0.42131350681536556 0.09907407407407408 0.11400247831474597
0 0.6337962962962963 0.516728624535316 0.19166666666666668 0.14374225526641884
0 0.49074074074074076 0.5204460966542751 0.0962962962962963 0.24783147459727387
0 0.9296296296296296 0.9114002478314746 0.12962962962962962 0.1771995043370508
0 0.8032407407407407 0.9107806691449815 0.14537037037037037 0.17843866171003717
0 0.6995370370370371 0.828996282527881 0.14351851851851852 0.33705080545229243
0 0.5504629629629629 0.8680297397769516 0.13425925925925927 0.26394052044609667
0 0.42453703703703705 0.8612143742255266 0.12314814814814815 0.27757125154894674
0 0.3263888888888889 0.8506815365551424 0.09907407407407408 0.15985130111524162
0 0.15925925925925927 0.8420074349442379 0.22407407407407406 0.22924411400247832
0 0.29768518518518516 0.7174721189591078 0.28425925925925927 0.14374225526641884
0 0.043055555555555555 0.6418835192069393 0.0787037037037037 0.24783147459727387
0 0.19768518518518519 0.18711276332094176 0.04537037037037037 0.07434944237918216
0 0.13657407407407407 0.20074349442379183 0.07314814814814814 0.0644361833952912
0 0.08842592592592592 0.21871127633209417 0.06388888888888888 0.055762081784386616
0 0.27037037037037037 0.22428748451053285 0.05185185185185185 0.04956629491945477
0 0.29305555555555557 0.28872366790582404 0.0787037037037037 0.08178438661710037
0 0.03333333333333333 0.281908302354399 0.04259259259259259 0.06071871127633209
0 0.15555555555555556 0.26022304832713755 0.1 0.05452292441140025
0 0.24074074074074073 0.31474597273853777 0.09074074074074075 0.07187112763320942
0 0.175 0.3382899628252788 0.05555555555555555 0.10408921933085502
0 0.13287037037037036 0.3506815365551425 0.05462962962962963 0.09417596034696406
0 0.1037037037037037 0.4033457249070632 0.08333333333333333 0.12019826517967781
0 0.07453703703703704 0.315365551425031 0.03981481481481482 0.06319702602230483
0 0.012962962962962963 0.37236679058240396 0.024074074074074074 0.080545229244114
0 0.0375 0.4479553903345725 0.0712962962962963 0.137546468401487
0 0.34305555555555556 0.4485749690210657 0.058333333333333334 0.1090458488228005
0 0.287962962962963 0.46592317224287483 0.06481481481481481 0.15117719950433706
0 0.22453703703703703 0.49070631970260226 0.058333333333333334 0.12639405204460966
0 0.1574074074074074 0.46592317224287483 0.1425925925925926 0.12391573729863693
0 0.1162037037037037 0.6263940520446096 0.10462962962962963 0.24907063197026022
0 0.3087962962962963 0.5532837670384139 0.2972222222222222 0.12763320941759604
0 0.6171296296296296 0.6802973977695167 0.22870370370370371 0.16604708798017348
0 0.35509259259259257 0.6338289962825279 0.2490740740740741 0.11028500619578686
