0 0.20458333333333334 0.5296875 0.21416666666666667 0.195625
0 0.7120833333333333 0.7296875 0.49583333333333335 0.305625
0 0.60125 0.8921875 0.7908333333333334 0.215625
0 0.8229166666666666 0.658125 0.3541666666666667 0.21375
0 0.7804166666666666 0.4915625 0.43916666666666665 0.176875
0 0.8154166666666667 0.3121875 0.1825 0.118125
0 0.66375 0.3684375 0.2425 0.134375
0 0.4191666666666667 0.3525 0.19166666666666668 0.11375
0 0.2875 0.3475 0.095 0.11375
0 0.10166666666666667 0.34625 0.15666666666666668 0.09875
0 0.18 0.31375 0.12166666666666667 0.09625
0 0.33666666666666667 0.2690625 0.17833333333333334 0.060625
0 0.07166666666666667 0.2809375 0.10833333333333334 0.061875
