0 0.7268518518518519 0.8076388888888889 0.5462962962962963 0.3597222222222222
0 0.24305555555555555 0.7611111111111111 0.44351851851851853 0.4777777777777778
0 0.18194444444444444 0.5194444444444445 0.33240740740740743 0.225
0 0.17685185185185184 0.3371527777777778 0.18888888888888888 0.20069444444444445
0 0.1574074074074074 0.22951388888888888 0.2462962962962963 0.15902777777777777
0 0.36898148148148147 0.17569444444444443 0.22870370370370371 0.13194444444444445
0 0.35648148148148145 0.29618055555555556 0.2388888888888889 0.17847222222222223
0 0.7574074074074074 0.3638888888888889 0.3 0.30972222222222223
0 0.49583333333333335 0.37430555555555556 0.3435185185185185 0.30833333333333335
0 0.9194444444444444 0.32916666666666666 0.16111111111111112 0.2638888888888889
