0 0.7787037037037037 0.4552083333333333 0.1685185185185185 0.3770833333333333
0 0.8013888888888889 0.2704861111111111 0.19722222222222222 0.21597222222222223
0 0.8944444444444445 0.24861111111111112 0.2111111111111111 0.2875
0 0.611574074074074 0.1284722222222222 0.28425925925925927 0.15138888888888888
0 0.6444444444444445 0.26493055555555556 0.13703703703703704 0.22291666666666668
0 0.5009259259259259 0.20069444444444445 0.14629629629629629 0.20555555555555555
0 0.3972222222222222 0.19166666666666668 0.12962962962962962 0.18194444444444444
0 0.18009259259259258 0.21284722222222222 0.33425925925925926 0.17847222222222223
0 0.09212962962962963 0.42604166666666665 0.16203703703703703 0.3659722222222222
0 0.29953703703703705 0.43819444444444444 0.3212962962962963 0.36666666666666664
0 0.475 0.4107638888888889 0.32592592592592595 0.38819444444444445
