0 0.74625 0.28214731585518105 0.09916666666666667 0.21223470661672908
0 0.6920833333333334 0.15730337078651685 0.1875 0.15480649188514356
0 0.5654166666666667 0.34019975031210986 0.1025 0.11610486891385768
0 0.41791666666666666 0.4250936329588015 0.18416666666666667 0.19350811485642946
0 0.24333333333333335 0.4257178526841448 0.19 0.24469413233458176
0 0.085 0.5661672908863921 0.16 0.3732833957553059
0 0.29083333333333333 0.7403245942571786 0.27666666666666667 0.519350811485643
0 0.5775 0.7303370786516854 0.28833333333333333 0.5318352059925093
0 0.8783333333333333 0.7827715355805244 0.24333333333333335 0.4344569288389513
0 0.65125 0.5711610486891385 0.2575 0.4207240948813982
