0 0.12767857142857142 0.4410187667560322 0.19107142857142856 0.16890080428954424
0 0.05178571428571429 0.8404825737265416 0.10178571428571428 0.22788203753351208
0 0.34151785714285715 0.346514745308311 0.09732142857142857 0.06300268096514745
0 0.46473214285714287 0.3894101876675603 0.13839285714285715 0.09249329758713137
0 0.7553571428571428 0.5160857908847185 0.20714285714285716 0.128686327077748
0 0.553125 0.47050938337801607 0.09732142857142857 0.16621983914209115
0 0.6196428571428572 0.618632707774799 0.34464285714285714 0.21849865951742628
0 0.5370535714285715 0.7057640750670241 0.38125 0.2828418230563003
0 0.39598214285714284 0.814343163538874 0.4044642857142857 0.37131367292225204
0 0.7991071428571429 0.2774798927613941 0.1 0.064343163538874
0 0.8441964285714286 0.3277479892761394 0.06696428571428571 0.054959785522788206
