0 0.20444444444444446 0.5306122448979592 0.2 0.16326530612244897
0 0.3322222222222222 0.7585034013605442 0.23333333333333334 0.23129251700680273
0 0.22666666666666666 0.8401360544217688 0.20444444444444446 0.3197278911564626
0 0.11444444444444445 0.9200680272108843 0.22444444444444445 0.1598639455782313
0 0.07777777777777778 0.6904761904761905 0.12 0.2857142857142857
0 0.7644444444444445 0.48299319727891155 0.2088888888888889 0.17006802721088435
0 0.6611111111111111 0.8826530612244898 0.18444444444444444 0.23469387755102042
0 0.7866666666666666 0.8316326530612245 0.19555555555555557 0.3299319727891156
0 0.8322222222222222 0.7278911564625851 0.10888888888888888 0.3333333333333333
0 0.9444444444444444 0.6989795918367347 0.1111111111111111 0.1870748299319728
0 0.9322222222222222 0.858843537414966 0.13555555555555557 0.16666666666666666
