0 0.226171875 0.6161458333333333 0.25078125 0.5677083333333334
0 0.296484375 0.5010416666666667 0.18515625 0.40625
0 0.38515625 0.3963541666666667 0.15625 0.2552083333333333
0 0.468359375 0.6333333333333333 0.19453125 0.5729166666666666
0 0.61875 0.6380208333333334 0.178125 0.5697916666666667
0 0.698828125 0.425 0.13828125 0.32083333333333336
0 0.873046875 0.6208333333333333 0.25390625 0.5416666666666666
0 0.610546875 0.20052083333333334 0.17109375 0.171875
0 0.55859375 0.3067708333333333 0.2234375 0.17604166666666668
0 0.319140625 0.3015625 0.30703125 0.15520833333333334
0 0.436328125 0.22239583333333332 0.23046875 0.15520833333333334
