0 0.29029733959311427 0.2111111111111111 0.12050078247261346 0.13333333333333333
0 0.7664319248826291 0.24861111111111112 0.2621283255086072 0.21666666666666667
0 0.940923317683881 0.20416666666666666 0.11815336463223787 0.1527777777777778
0 0.8505477308294209 0.3638888888888889 0.22848200312989045 0.19444444444444445
0 0.32629107981220656 0.3715277777777778 0.2676056338028169 0.3263888888888889
0 0.5258215962441315 0.4375 0.1674491392801252 0.21388888888888888
0 0.7543035993740219 0.4479166666666667 0.40375586854460094 0.30972222222222223
0 0.7014866979655712 0.6055555555555555 0.22613458528951486 0.3638888888888889
0 0.8380281690140845 0.7083333333333334 0.3223787167449139 0.2361111111111111
0 0.7949921752738655 0.8743055555555556 0.41001564945226915 0.2513888888888889
0 0.5070422535211268 0.8138888888888889 0.24726134585289514 0.37222222222222223
0 0.202660406885759 0.8145833333333333 0.3536776212832551 0.37083333333333335
0 0.1596244131455399 0.6930555555555555 0.3145539906103286 0.46111111111111114
