0 0.26025390625 0.205078125 0.2509765625 0.29296875
0 0.1357421875 0.703125 0.255859375 0.5755208333333334
0 0.21826171875 0.4661458333333333 0.3173828125 0.421875
0 0.4775390625 0.6048177083333334 0.236328125 0.6731770833333334
0 0.61376953125 0.552734375 0.3427734375 0.58203125
0 0.8837890625 0.515625 0.232421875 0.390625
0 0.68408203125 0.37890625 0.2314453125 0.24479166666666666
0 0.63623046875 0.234375 0.5009765625 0.2630208333333333
0 0.6689453125 0.13541666666666666 0.16796875 0.13541666666666666
0 0.85791015625 0.21028645833333334 0.2763671875 0.3033854166666667
