0 0.29583333333333334 0.14777777777777779 0.11166666666666666 0.19555555555555557
0 0.4479166666666667 0.1111111111111111 0.09916666666666667 0.19111111111111112
0 0.04833333333333333 0.32055555555555554 0.095 0.13444444444444445
0 0.24875 0.34055555555555556 0.14916666666666667 0.2877777777777778
0 0.43125 0.3883333333333333 0.2925 0.29444444444444445
0 0.235 0.7466666666666667 0.3416666666666667 0.5066666666666667
0 0.48041666666666666 0.7361111111111112 0.31083333333333335 0.5277777777777778
0 0.5879166666666666 0.6733333333333333 0.2275 0.5555555555555556
0 0.6779166666666666 0.5444444444444444 0.21083333333333334 0.4711111111111111
0 0.78375 0.5233333333333333 0.23083333333333333 0.4444444444444444
0 0.8783333333333333 0.4061111111111111 0.225 0.41
0 0.8108333333333333 0.7983333333333333 0.37666666666666665 0.4033333333333333
