0 0.282 0.6194594594594595 0.17066666666666666 0.15783783783783784
0 0.4666666666666667 0.5935135135135136 0.19733333333333333 0.12108108108108108
0 0.455 0.6113513513513513 0.20333333333333334 0.08540540540540541
0 0.6533333333333333 0.6324324324324324 0.14266666666666666 0.11027027027027027
0 0.673 0.7637837837837838 0.23133333333333334 0.22162162162162163
0 0.9043333333333333 0.8454054054054054 0.19133333333333333 0.24864864864864866
0 0.6503333333333333 0.8756756756756757 0.3353333333333333 0.24864864864864866
0 0.49833333333333335 0.7713513513513514 0.19933333333333333 0.2864864864864865
0 0.16533333333333333 0.9335135135135135 0.32133333333333336 0.13297297297297297
0 0.18866666666666668 0.8789189189189189 0.2813333333333333 0.1837837837837838
0 0.264 0.8383783783783784 0.208 0.20432432432432432
0 0.31266666666666665 0.8216216216216217 0.248 0.27675675675675676
0 0.30366666666666664 0.7108108108108108 0.19266666666666668 0.13297297297297297
