0 0.331 0.1289855072463768 0.174 0.13043478260869565
0 0.042 0.12173913043478261 0.072 0.08695652173913043
0 0.184 0.18115942028985507 0.124 0.1536231884057971
0 0.124 0.3739130434782609 0.236 0.27246376811594203
0 0.715 0.25507246376811593 0.222 0.2144927536231884
0 0.792 0.21594202898550724 0.152 0.17681159420289855
0 0.838 0.15072463768115943 0.152 0.17971014492753623
0 0.923 0.591304347826087 0.154 0.33043478260869563
0 0.923 0.8782608695652174 0.154 0.24347826086956523
0 0.643 0.48840579710144927 0.386 0.3101449275362319
0 0.417 0.5797101449275363 0.226 0.4753623188405797
0 0.114 0.7695652173913043 0.22 0.40869565217391307
0 0.289 0.8681159420289855 0.23 0.263768115942029
0 0.549 0.8521739130434782 0.234 0.2956521739130435
0 0.682 0.7376811594202899 0.364 0.48985507246376814
