0 0.06415094339622641 0.6078014184397164 0.12641509433962264 0.6028368794326241
0 0.20518867924528303 0.5141843971631206 0.15 0.5063829787234042
0 0.20141509433962265 0.2425531914893617 0.1632075471698113 0.2950354609929078
0 0.3443396226415094 0.14680851063829786 0.23962264150943396 0.1971631205673759
0 0.4688679245283019 0.30425531914893617 0.2962264150943396 0.2624113475177305
0 0.44764150943396225 0.6234042553191489 0.2858490566037736 0.5659574468085107
0 0.6943396226415094 0.7312056737588652 0.4037735849056604 0.5092198581560283
0 0.8084905660377358 0.7858156028368795 0.38113207547169814 0.42836879432624114
0 0.7132075471698113 0.3276595744680851 0.22452830188679246 0.3801418439716312
0 0.8410377358490566 0.35602836879432626 0.1669811320754717 0.26666666666666666
0 0.9221698113207547 0.4205673758865248 0.15566037735849056 0.22836879432624113
0 0.870754716981132 0.175177304964539 0.25849056603773585 0.3276595744680851
