0 0.7574074074074074 0.44074074074074077 0.17037037037037037 0.4246913580246914
0 0.5175925925925926 0.47901234567901235 0.37777777777777777 0.4123456790123457
0 0.17175925925925925 0.39382716049382716 0.23425925925925925 0.42962962962962964
0 0.037037037037037035 0.44382716049382714 0.07222222222222222 0.3765432098765432
0 0.3138888888888889 0.3191358024691358 0.12037037037037036 0.3790123456790123
0 0.5291666666666667 0.27037037037037037 0.09166666666666666 0.18271604938271604
0 0.600925925925926 0.2802469135802469 0.09259259259259259 0.16296296296296298
0 0.6953703703703704 0.21728395061728395 0.22777777777777777 0.11851851851851852
0 0.5893518518518519 0.15864197530864196 0.0824074074074074 0.08024691358024691
0 0.4532407407407407 0.1345679012345679 0.11018518518518519 0.10617283950617284
0 0.4300925925925926 0.24135802469135803 0.1287037037037037 0.1765432098765432
0 0.6037037037037037 0.10185185185185185 0.024074074074074074 0.043209876543209874
0 0.5768518518518518 0.10432098765432099 0.027777777777777776 0.04814814814814815
0 0.5435185185185185 0.09814814814814815 0.046296296296296294 0.050617283950617285
0 0.5120370370370371 0.10493827160493827 0.020370370370370372 0.05432098765432099
