0 0.18888888888888888 0.4965277777777778 0.1388888888888889 0.2986111111111111
0 0.5217592592592593 0.3840277777777778 0.08981481481481482 0.18194444444444444
0 0.9287037037037037 0.23333333333333334 0.05740740740740741 0.06944444444444445
0 0.8148148148148148 0.31875 0.1537037037037037 0.09305555555555556
0 0.8777777777777778 0.3680555555555556 0.09814814814814815 0.10555555555555556
0 0.8268518518518518 0.39791666666666664 0.13703703703703704 0.16805555555555557
0 0.7055555555555556 0.3798611111111111 0.11481481481481481 0.15694444444444444
0 0.6222222222222222 0.3861111111111111 0.09814814814814815 0.10555555555555556
0 0.7185185185185186 0.5520833333333334 0.37407407407407406 0.2902777777777778
0 0.32222222222222224 0.5138888888888888 0.37222222222222223 0.2222222222222222
0 0.4847222222222222 0.6798611111111111 0.3490740740740741 0.3625
0 0.35138888888888886 0.8173611111111111 0.4564814814814815 0.36527777777777776
