0 0.234765625 0.6333333333333333 0.22421875 0.5375
0 0.309375 0.49270833333333336 0.1671875 0.36666666666666664
0 0.389453125 0.39947916666666666 0.15703125 0.24895833333333334
0 0.87734375 0.6213541666666667 0.2453125 0.5135416666666667
0 0.640625 0.65 0.1578125 0.5666666666666667
0 0.486328125 0.6401041666666667 0.18984375 0.546875
0 0.716796875 0.4203125 0.11015625 0.309375
0 0.615625 0.190625 0.159375 0.14791666666666667
0 0.56328125 0.30833333333333335 0.2046875 0.15833333333333333
0 0.3140625 0.2953125 0.2828125 0.16770833333333332
0 0.451171875 0.215625 0.17109375 0.125
