0 0.6372395833333333 0.736574074074074 0.5203125 0.5194444444444445
0 0.3377604166666667 0.7458333333333333 0.28177083333333336 0.49907407407407406
0 0.0578125 0.6837962962962963 0.10520833333333333 0.31574074074074077
0 0.371875 0.2916666666666667 0.11979166666666667 0.30185185185185187
0 0.4479166666666667 0.1824074074074074 0.08645833333333333 0.14444444444444443
0 0.5255208333333333 0.25416666666666665 0.14479166666666668 0.3435185185185185
0 0.6033854166666667 0.16620370370370371 0.15052083333333333 0.30833333333333335
0 0.6486979166666667 0.09351851851851851 0.09114583333333333 0.16111111111111112
0 0.8080729166666667 0.22546296296296298 0.2796875 0.2935185185185185
0 0.83125 0.09907407407407408 0.20208333333333334 0.17037037037037037
