0 0.268359375 0.1111111111111111 0.07734375 0.15833333333333333
0 0.367578125 0.10833333333333334 0.13671875 0.11388888888888889
0 0.50625 0.12291666666666666 0.1640625 0.15416666666666667
0 0.57578125 0.11041666666666666 0.096875 0.10972222222222222
0 0.677734375 0.09930555555555555 0.17109375 0.09861111111111111
0 0.815234375 0.2965277777777778 0.14921875 0.2375
0 0.5515625 0.22430555555555556 0.1875 0.09861111111111111
0 0.208984375 0.18958333333333333 0.14609375 0.18472222222222223
0 0.08203125 0.31805555555555554 0.1578125 0.21388888888888888
0 0.648046875 0.33611111111111114 0.19140625 0.18055555555555555
0 0.480859375 0.3159722222222222 0.19140625 0.2152777777777778
0 0.378125 0.3402777777777778 0.2734375 0.175
0 0.255859375 0.4284722222222222 0.31640625 0.18472222222222223
0 0.191796875 0.7284722222222222 0.34296875 0.5097222222222222
0 0.3734375 0.6569444444444444 0.3046875 0.4027777777777778
0 0.55234375 0.5270833333333333 0.290625 0.2986111111111111
0 0.84921875 0.4909722222222222 0.2375 0.24861111111111112
0 0.818359375 0.75 0.36328125 0.48055555555555557
