0 0.6096354166666667 0.23935185185185184 0.35260416666666666 0.38425925925925924
0 0.61953125 0.36736111111111114 0.18177083333333333 0.4449074074074074
0 0.8692708333333333 0.47800925925925924 0.2265625 0.2513888888888889
0 0.7764322916666667 0.1111111111111111 0.2794270833333333 0.21296296296296297
0 0.8350260416666667 0.7622685185185185 0.23880208333333333 0.29305555555555557
0 0.5520833333333334 0.7731481481481481 0.3380208333333333 0.337037037037037
0 0.42291666666666666 0.4361111111111111 0.309375 0.40370370370370373
0 0.29075520833333335 0.44351851851851853 0.30755208333333334 0.3851851851851852
0 0.119140625 0.6006944444444444 0.22994791666666667 0.24212962962962964
0 0.21575520833333334 0.7793981481481481 0.42109375 0.3578703703703704
