0 0.21875 0.152088772845953 0.28125 0.20234986945169714
0 0.46875 0.27023498694516973 0.1328125 0.25326370757180156
0 0.613671875 0.32963446475195823 0.22109375 0.31723237597911225
0 0.9 0.46279373368146215 0.1171875 0.35900783289817234
0 0.741796875 0.11031331592689295 0.13046875 0.15274151436031333
0 0.67265625 0.5039164490861618 0.190625 0.3342036553524804
0 0.81953125 0.8152741514360313 0.2453125 0.36945169712793735
0 0.5484375 0.7565274151436031 0.278125 0.4869451697127937
0 0.2828125 0.8218015665796344 0.3984375 0.3563968668407311
0 0.168359375 0.6827676240208878 0.27734375 0.26370757180156656
0 0.1578125 0.358355091383812 0.1515625 0.3276762402088773
0 0.28046875 0.24934725848563968 0.0984375 0.25326370757180156
