0 0.26484375 0.751131221719457 0.5171875 0.3936651583710407
0 0.55703125 0.6142533936651584 0.2828125 0.3733031674208145
0 0.7875 0.6425339366515838 0.225 0.4751131221719457
0 0.65390625 0.38235294117647056 0.4046875 0.2895927601809955
0 0.5203125 0.25339366515837103 0.203125 0.26244343891402716
0 0.8609375 0.1323529411764706 0.2375 0.21040723981900453
0 0.525 0.0746606334841629 0.19375 0.11312217194570136
0 0.2265625 0.2160633484162896 0.26875 0.22850678733031674
0 0.30078125 0.07126696832579185 0.1859375 0.11085972850678733
0 0.16484375 0.05995475113122172 0.1140625 0.09728506787330317
0 0.07734375 0.07126696832579185 0.0546875 0.12895927601809956
0 0.05546875 0.22624434389140272 0.0921875 0.13574660633484162
