0 0.15517241379310345 0.6592797783933518 0.19310344827586207 0.6149584487534626
0 0.27155172413793105 0.7493074792243767 0.19137931034482758 0.5013850415512465
0 0.31551724137931036 0.18282548476454294 0.2 0.3268698060941828
0 0.4241379310344828 0.5914127423822715 0.2 0.6011080332409973
0 0.4681034482758621 0.33933518005540164 0.10172413793103448 0.3850415512465374
0 0.5793103448275863 0.35041551246537395 0.13793103448275862 0.407202216066482
0 0.6474137931034483 0.6385041551246537 0.22241379310344828 0.7063711911357341
0 0.7025862068965517 0.14127423822714683 0.17413793103448275 0.23822714681440443
0 0.8206896551724138 0.26454293628808867 0.1 0.2520775623268698
0 0.9379310344827586 0.24376731301939059 0.12413793103448276 0.28254847645429365
