0 0.2671875 0.748868778280543 0.521875 0.4117647058823529
0 0.553125 0.5950226244343891 0.30625 0.34841628959276016
0 0.78125 0.6380090497737556 0.28125 0.4796380090497738
0 0.65859375 0.3766968325791855 0.4203125 0.2873303167420814
0 0.51640625 0.25904977375565613 0.2421875 0.25565610859728505
0 0.8671875 0.11538461538461539 0.23125 0.17194570135746606
0 0.50390625 0.06900452488687783 0.1984375 0.1244343891402715
0 0.23046875 0.19570135746606335 0.2734375 0.19683257918552036
0 0.0453125 0.21380090497737556 0.078125 0.11538461538461539
0 0.07890625 0.0757918552036199 0.0640625 0.1334841628959276
0 0.02578125 0.07352941176470588 0.0359375 0.1244343891402715
0 0.159375 0.05429864253393665 0.10625 0.09049773755656108
0 0.29140625 0.06221719457013575 0.1984375 0.09276018099547512
