0 0.8731481481481481 0.7496274217585693 0.23148148148148148 0.5007451564828614
0 0.7013888888888888 0.7220566318926974 0.2638888888888889 0.5529061102831595
0 0.5092592592592593 0.7503725782414307 0.22592592592592592 0.4992548435171386
0 0.3282407407407407 0.7309985096870343 0.21574074074074073 0.5380029806259314
0 0.12453703703703704 0.732488822652757 0.19166666666666668 0.5350223546944859
0 0.11712962962962963 0.26751117734724295 0.175 0.4187779433681073
0 0.3263888888888889 0.3472429210134128 0.30462962962962964 0.40238450074515647
0 0.24583333333333332 0.1527570789865872 0.21388888888888888 0.23099850968703428
0 0.4810185185185185 0.338301043219076 0.25277777777777777 0.4262295081967213
0 0.5157407407407407 0.2391952309985097 0.1962962962962963 0.3025335320417288
0 0.6949074074074074 0.38002980625931443 0.18055555555555555 0.33383010432190763
0 0.9050925925925926 0.3867362146050671 0.18425925925925926 0.3204172876304024
0 0.924537037037037 0.23025335320417287 0.13796296296296295 0.17734724292101342
0 0.7490740740740741 0.1825633383010432 0.2037037037037037 0.2816691505216095
0 0.6481481481481481 0.1527570789865872 0.14074074074074075 0.17138599105812222
0 0.5435185185185185 0.13487332339791355 0.1259259259259259 0.21609538002980627
0 0.39444444444444443 0.08569299552906111 0.1814814814814815 0.15946348733233978
0 0.8435185185185186 0.08643815201192251 0.1 0.14605067064083457
