0 0.30972222222222223 0.5968503937007874 0.4305555555555556 0.15590551181102363
0 0.4861111111111111 0.5106299212598425 0.4666666666666667 0.13307086614173227
0 0.7347222222222223 0.44251968503937006 0.23333333333333334 0.10393700787401575
0 0.8854166666666666 0.34291338582677167 0.14305555555555555 0.046456692913385826
0 0.7972222222222223 0.31417322834645667 0.18333333333333332 0.04094488188976378
0 0.7145833333333333 0.38228346456692913 0.19583333333333333 0.05905511811023622
0 0.5465277777777777 0.33858267716535434 0.2152777777777778 0.05984251968503937
0 0.4444444444444444 0.3153543307086614 0.18333333333333332 0.06377952755905512
0 0.6333333333333333 0.2980314960629921 0.175 0.05905511811023622
0 0.22083333333333333 0.2551181102362205 0.1388888888888889 0.03779527559055118
0 0.24097222222222223 0.28307086614173227 0.30972222222222223 0.03385826771653543
0 0.2513888888888889 0.3003937007874016 0.2222222222222222 0.02125984251968504
0 0.2986111111111111 0.3236220472440945 0.1361111111111111 0.03937007874015748
0 0.1451388888888889 0.3704724409448819 0.09861111111111111 0.03385826771653543
0 0.15694444444444444 0.32559055118110236 0.1638888888888889 0.04330708661417323
0 0.05555555555555555 0.32559055118110236 0.09166666666666666 0.04173228346456693
0 0.38263888888888886 0.39881889763779527 0.10694444444444444 0.04330708661417323
0 0.4875 0.41338582677165353 0.1638888888888889 0.050393700787401574
0 0.29930555555555555 0.41338582677165353 0.10694444444444444 0.07559055118110236
0 0.16041666666666668 0.49094488188976376 0.19027777777777777 0.05748031496062992
0 0.04652777777777778 0.43700787401574803 0.07361111111111111 0.05669291338582677
0 0.1909722222222222 0.4271653543307087 0.2152777777777778 0.07322834645669292
0 0.052083333333333336 0.5011811023622047 0.09305555555555556 0.08582677165354331
