0 0.419811320754717 0.6916243654822335 0.1509433962264151 0.550761421319797
0 0.6816037735849056 0.6865482233502538 0.3789308176100629 0.42385786802030456
0 0.7287735849056604 0.6928934010152284 0.19025157232704404 0.6142131979695431
0 0.7248427672955975 0.3197969543147208 0.1509433962264151 0.27918781725888325
0 0.610062893081761 0.2969543147208122 0.1540880503144654 0.3553299492385787
0 0.48427672955974843 0.10532994923857868 0.1949685534591195 0.1751269035532995
0 0.4088050314465409 0.21954314720812182 0.16352201257861634 0.32741116751269034
0 0.3050314465408805 0.20558375634517767 0.1289308176100629 0.36548223350253806
0 0.17295597484276728 0.20812182741116753 0.1949685534591195 0.15736040609137056
0 0.1580188679245283 0.3629441624365482 0.26257861635220126 0.28426395939086296
