0 0.45571428571428574 0.6480738362760835 0.3314285714285714 0.13723916532905298
0 0.5957142857142858 0.557784911717496 0.2571428571428571 0.08507223113964688
0 0.7178571428571429 0.4097110754414125 0.22714285714285715 0.15008025682182985
0 0.6014285714285714 0.45786516853932585 0.27714285714285714 0.08587479935794542
0 0.4607142857142857 0.40569823434991975 0.1357142857142857 0.07784911717495988
0 0.5421428571428571 0.30497592295345105 0.11 0.04975922953451043
0 0.6392857142857142 0.2604333868378812 0.08428571428571428 0.040930979133226325
0 0.6107142857142858 0.29735152487961475 0.13 0.028089887640449437
0 0.6392857142857142 0.33868378812199035 0.12428571428571429 0.028892455858747994
0 0.6064285714285714 0.37118780096308185 0.22142857142857142 0.06019261637239166
