0 0.1431924882629108 0.22417582417582418 0.1674491392801252 0.22637362637362637
0 0.3986697965571205 0.17582417582417584 0.18544600938967137 0.189010989010989
0 0.6654929577464789 0.1532967032967033 0.13693270735524257 0.1087912087912088
0 0.7762128325508607 0.2587912087912088 0.26604068857589985 0.22087912087912087
0 0.9483568075117371 0.2906593406593407 0.10328638497652583 0.21208791208791208
0 0.8028169014084507 0.5560439560439561 0.2300469483568075 0.3802197802197802
0 0.622848200312989 0.29285714285714287 0.18153364632237873 0.24725274725274726
0 0.2468701095461659 0.36153846153846153 0.3215962441314554 0.1824175824175824
0 0.31416275430359936 0.5291208791208791 0.33724569640062596 0.31978021978021975
0 0.4702660406885759 0.8203296703296703 0.5633802816901409 0.35934065934065934
0 0.4780907668231612 0.6170329670329671 0.4788732394366197 0.24945054945054945
0 0.5665101721439749 0.44835164835164837 0.30359937402190923 0.35604395604395606
