0 0.77 0.39032620922384703 0.252 0.24296962879640044
0 0.207 0.16760404949381327 0.186 0.1327334083239595
0 0.887 0.1906636670416198 0.198 0.1203599550056243
0 0.726 0.140607424071991 0.192 0.12823397075365578
0 0.565 0.12935883014623173 0.226 0.1124859392575928
0 0.358 0.09786276715410573 0.192 0.10798650168728909
0 0.139 0.09730033745781777 0.254 0.08661417322834646
0 0.362 0.3447694038245219 0.46 0.2013498312710911
0 0.506 0.5061867266591676 0.796 0.35095613048368957
0 0.153 0.6541057367829022 0.27 0.6040494938132733
0 0.489 0.6934758155230596 0.618 0.4015748031496063
0 0.955 0.45894263217097864 0.09 0.25646794150731156
0 0.909 0.7390326209223848 0.182 0.34195725534308213
