0 0.09405144694533762 0.605 0.15916398713826366 0.20333333333333334
0 0.24678456591639872 0.5916666666666667 0.09163987138263666 0.22333333333333333
0 0.4003215434083601 0.5683333333333334 0.06109324758842444 0.20333333333333334
0 0.44212218649517687 0.5216666666666666 0.04501607717041801 0.15666666666666668
0 0.5385852090032154 0.6 0.13504823151125403 0.21333333333333335
0 0.565112540192926 0.5033333333333333 0.10128617363344052 0.16
0 0.7106109324758842 0.5566666666666666 0.10932475884244373 0.15333333333333332
0 0.6446945337620579 0.5316666666666666 0.05466237942122187 0.20333333333333334
0 0.7861736334405145 0.5633333333333334 0.09646302250803858 0.21333333333333335
0 0.8858520900321544 0.61 0.12861736334405144 0.20666666666666667
