0 0.81689453125 0.6451841359773371 0.2080078125 0.3810198300283286
0 0.85546875 0.4171388101983003 0.203125 0.26203966005665724
0 0.74462890625 0.26274787535410765 0.2392578125 0.3101983002832861
0 0.548828125 0.2811614730878187 0.212890625 0.26487252124645894
0 0.2353515625 0.2507082152974504 0.255859375 0.254957507082153
0 0.453125 0.40297450424929177 0.1953125 0.17422096317280453
0 0.71435546875 0.6664305949008499 0.2509765625 0.3810198300283286
0 0.55810546875 0.6579320113314447 0.1689453125 0.4348441926345609
0 0.43408203125 0.7181303116147308 0.1767578125 0.45042492917847027
0 0.2607421875 0.740084985835694 0.21484375 0.4376770538243626
0 0.14794921875 0.4369688385269122 0.1845703125 0.29036827195467424
0 0.26513671875 0.4213881019830028 0.2099609375 0.19688385269121814
0 0.287109375 0.5155807365439093 0.3515625 0.21813031161473087
