0 0.4265625 0.6104166666666667 0.3046875 0.3375
0 0.573046875 0.6067708333333334 0.21171875 0.3885416666666667
0 0.7 0.5421875 0.3328125 0.4822916666666667
0 0.8890625 0.5609375 0.1203125 0.396875
0 0.96015625 0.6104166666666667 0.0796875 0.25416666666666665
0 0.7546875 0.41510416666666666 0.1671875 0.09895833333333333
0 0.36484375 0.4171875 0.3375 0.23229166666666667
0 0.275 0.39427083333333335 0.25 0.2760416666666667
0 0.21484375 0.246875 0.1296875 0.09583333333333334
0 0.139453125 0.3619791666666667 0.22890625 0.2760416666666667
