0 0.3611111111111111 0.8173611111111111 0.4462962962962963 0.36527777777777776
0 0.4777777777777778 0.6868055555555556 0.34814814814814815 0.37083333333333335
0 0.32407407407407407 0.5340277777777778 0.35185185185185186 0.23194444444444445
0 0.19027777777777777 0.4736111111111111 0.16944444444444445 0.30833333333333335
0 0.5143518518518518 0.3840277777777778 0.12314814814814815 0.15138888888888888
0 0.7 0.5652777777777778 0.36666666666666664 0.31666666666666665
0 0.6328703703703704 0.39861111111111114 0.09351851851851851 0.13333333333333333
0 0.712037037037037 0.3763888888888889 0.11296296296296296 0.18888888888888888
0 0.8263888888888888 0.41180555555555554 0.13425925925925927 0.16527777777777777
0 0.8800925925925925 0.37916666666666665 0.11574074074074074 0.10555555555555556
0 0.8226851851851852 0.32916666666666666 0.17685185185185184 0.125
