0 0.8783582089552239 0.8296812749003984 0.21343283582089553 0.3346613545816733
0 0.810820895522388 0.5079681274900398 0.33507462686567163 0.32669322709163345
0 0.6365671641791045 0.5074701195219123 0.1925373134328358 0.31772908366533864
0 0.5216417910447761 0.3789840637450199 0.2835820895522388 0.11055776892430279
0 0.6007462686567164 0.3346613545816733 0.21940298507462686 0.09362549800796813
0 0.36716417910447763 0.4855577689243028 0.27611940298507465 0.24402390438247012
0 0.46119402985074626 0.5049800796812749 0.22686567164179106 0.2151394422310757
0 0.282089552238806 0.5527888446215139 0.19701492537313434 0.19322709163346613
0 0.17238805970149254 0.6558764940239044 0.18507462686567164 0.28784860557768926
0 0.6003731343283583 0.8341633466135459 0.31716417910447764 0.3237051792828685
0 0.3746268656716418 0.6613545816733067 0.24477611940298508 0.3187250996015936
0 0.2664179104477612 0.8565737051792829 0.39104477611940297 0.2868525896414343
0 0.28507462686567164 0.3102589641434263 0.1537313432835821 0.14641434262948208
0 0.18619402985074626 0.30378486055776893 0.11567164179104478 0.16733067729083664
0 0.09738805970149254 0.2868525896414343 0.11716417910447761 0.14741035856573706
