0 0.8169811320754717 0.7737588652482269 0.35660377358490564 0.4297872340425532
0 0.7023584905660377 0.7283687943262411 0.39905660377358493 0.46382978723404256
0 0.46556603773584904 0.6312056737588653 0.30283018867924527 0.5929078014184397
0 0.7108490566037736 0.36524822695035464 0.22924528301886793 0.40425531914893614
0 0.9127358490566038 0.424822695035461 0.17452830188679244 0.2794326241134752
0 0.8613207547169811 0.32056737588652484 0.16226415094339622 0.19290780141843972
0 0.844811320754717 0.16879432624113475 0.310377358490566 0.300709219858156
0 0.46226415094339623 0.3127659574468085 0.27169811320754716 0.2851063829787234
0 0.35188679245283017 0.17092198581560283 0.2320754716981132 0.251063829787234
0 0.20235849056603775 0.19148936170212766 0.180188679245283 0.20709219858156028
0 0.1938679245283019 0.5198581560283688 0.15566037735849056 0.5687943262411348
0 0.052830188679245285 0.5872340425531914 0.1 0.6184397163120567
