0 0.6875 0.5107238605898123 0.24285714285714285 0.6246648793565683
0 0.7897321428571429 0.40415549597855227 0.35625 0.6206434316353887
0 0.5066964285714286 0.6159517426273459 0.3991071428571429 0.4597855227882037
0 0.4044642857142857 0.7218498659517426 0.3339285714285714 0.435656836461126
0 0.1263392857142857 0.8471849865951743 0.24017857142857144 0.30563002680965146
0 0.16741071428571427 0.5837801608579088 0.33303571428571427 0.3418230563002681
0 0.23035714285714284 0.3491957104557641 0.44821428571428573 0.25603217158176944
0 0.6888392857142858 0.09584450402144772 0.3080357142857143 0.18900804289544235
0 0.4558035714285714 0.22117962466487937 0.30625 0.43967828418230565
0 0.21696428571428572 0.19638069705093833 0.4125 0.19168900804289543
