0 0.9115442278860569 0.39 0.17691154422788605 0.364
0 0.7533733133433284 0.364 0.136431784107946 0.396
0 0.6356821589205397 0.427 0.16491754122938532 0.31
0 0.49775112443778113 0.372 0.19490254872563717 0.364
0 0.328335832083958 0.354 0.1889055472263868 0.408
0 0.1634182908545727 0.383 0.191904047976012 0.362
0 0.6281859070464768 0.172 0.11094452773613193 0.208
0 0.2608695652173913 0.105 0.2128935532233883 0.186
0 0.5022488755622189 0.112 0.20389805097451275 0.204
0 0.7023988005997002 0.114 0.17841079460269865 0.208
0 0.8103448275862069 0.092 0.16941529235382308 0.18
