0 0.7050473186119873 0.7931392931392931 0.32018927444794953 0.40540540540540543
0 0.819794952681388 0.4178794178794179 0.19006309148264985 0.41372141372141374
0 0.6754731861198738 0.4579002079002079 0.1805993690851735 0.4022869022869023
0 0.6869085173501577 0.14708939708939708 0.10252365930599369 0.2505197505197505
0 0.9254731861198738 0.24012474012474014 0.14905362776025236 0.288981288981289
0 0.5646687697160884 0.14033264033264034 0.14195583596214512 0.20997920997921
0 0.5236593059936908 0.38825363825363823 0.1750788643533123 0.4397089397089397
0 0.18966876971608831 0.6216216216216216 0.27208201892744477 0.5176715176715176
0 0.36080441640378547 0.33783783783783783 0.13958990536277602 0.41995841995842
0 0.12815457413249212 0.24844074844074845 0.2058359621451104 0.2806652806652807
0 0.23738170347003154 0.30457380457380456 0.16246056782334384 0.40124740124740127
0 0.27681388012618297 0.08471933471933472 0.09779179810725552 0.09667359667359668
0 0.459384858044164 0.11798336798336799 0.1222397476340694 0.22765072765072766
0 0.3694794952681388 0.08212058212058213 0.08280757097791798 0.13721413721413722
0 0.055205047318611984 0.7385654885654885 0.10883280757097792 0.42515592515592515
