0 0.8869752421959096 0.4133476856835307 0.155005382131324 0.30570505920344454
0 0.9171151776103337 0.1533907427341227 0.16576964477933262 0.2529601722282024
0 0.8003229278794403 0.15177610333692143 0.11948331539289558 0.232508073196986
0 0.6141011840688912 0.08396124865446716 0.317545748116254 0.13347685683530677
0 0.47416576964477936 0.11733046286329386 0.3433799784714747 0.116254036598493
0 0.670075349838536 0.20452099031216361 0.14101184068891282 0.25834230355220666
0 0.3832077502691066 0.20021528525296017 0.3789020452099031 0.16792249730893433
0 0.4176533907427341 0.2782561894510226 0.28417653390742736 0.1969860064585576
0 0.5242195909580194 0.3143164693218515 0.20667384284176535 0.30570505920344454
0 0.5678148546824543 0.4477933261571582 0.11517761033369214 0.29278794402583425
0 0.721205597416577 0.41227125941872983 0.17868675995694294 0.3379978471474704
0 0.6813778256189451 0.8040904198062433 0.27341227125941875 0.39181916038751347
0 0.5296017222820237 0.7906350914962325 0.2518837459634015 0.41442411194833156
0 0.38858988159311086 0.7944025834230355 0.33153928955866524 0.38966630785791173
0 0.0651237890204521 0.7949407965554359 0.12594187298170076 0.39289558665231433
0 0.14639397201291712 0.4655543595263724 0.26264800861141013 0.2723358449946179
0 0.28256189451022606 0.6065662002152853 0.2981700753498385 0.28094725511302476
0 0.3401506996770721 0.6910656620021528 0.30355220667384286 0.32508073196986004
0 0.2411194833153929 0.534983853606028 0.28632938643702904 0.3444564047362756
