0 0.47708333333333336 0.7097716409984068 0.30583333333333335 0.5804567180031864
0 0.8404166666666667 0.7631439192777483 0.31083333333333335 0.4684014869888476
0 0.6779166666666666 0.5058417419012214 0.6441666666666667 0.13011152416356878
0 0.4058333333333333 0.47371216144450345 0.77 0.2379182156133829
0 0.15083333333333335 0.2450876261285183 0.20333333333333334 0.21614445034519383
0 0.3225 0.1165693043016463 0.26 0.1248008497079129
0 0.38666666666666666 0.16755177907594265 0.22166666666666668 0.1492299522039299
0 0.4475 0.19861922464152948 0.17166666666666666 0.2793414763674987
0 0.54625 0.266064790228359 0.23916666666666667 0.19437068507700478
0 0.7529166666666667 0.34944237918215615 0.18083333333333335 0.17100371747211895
0 0.8879166666666667 0.3356346255974509 0.22416666666666665 0.23473181093998938
0 0.6345833333333334 0.16064790228359002 0.1975 0.19596388741370155
0 0.46166666666666667 0.19622942113648434 0.2 0.2766861391396707
0 0.7866666666666666 0.2015400955921402 0.11166666666666666 0.12373871481678173
0 0.79625 0.14657461497610197 0.2975 0.1009028146574615
0 0.78125 0.07063197026022305 0.3958333333333333 0.06797663303239511
