0 0.8364485981308412 0.841015625 0.2389853137516689 0.24140625
0 0.4552736982643525 0.867578125 0.3417890520694259 0.22578125
0 0.739652870493992 0.96796875 0.2376502002670227 0.0640625
0 0.11148197596795728 0.768359375 0.16955941255006676 0.21328125
0 0.20427236315086783 0.62421875 0.18157543391188252 0.15
0 0.8030707610146862 0.61953125 0.3938584779706275 0.1328125
0 0.5420560747663551 0.530078125 0.14152202937249667 0.10234375
0 0.3704939919893191 0.590234375 0.21762349799732977 0.10078125
0 0.315086782376502 0.528515625 0.3097463284379172 0.06328125
0 0.3130841121495327 0.476171875 0.3137516688918558 0.04453125
0 0.26101468624833113 0.4328125 0.1802403204272363 0.075
0 0.2870493991989319 0.33046875 0.13351134846461948 0.05
0 0.3097463284379172 0.2953125 0.10947930574098798 0.040625
0 0.3531375166889186 0.261328125 0.1375166889185581 0.03671875
0 0.3678237650200267 0.232421875 0.1375166889185581 0.02265625
0 0.3678237650200267 0.20546875 0.12416555407209613 0.03125
0 0.5153538050734312 0.221875 0.09612817089452604 0.0609375
0 0.6335113484646195 0.240234375 0.07076101468624833 0.05234375
0 0.9312416555407209 0.221875 0.11882510013351134 0.05625
0 0.9546061415220294 0.27109375 0.09078771695594126 0.0453125
0 0.937917222963952 0.309765625 0.0814419225634179 0.06796875
0 0.5654205607476636 0.387890625 0.14819759679572764 0.08515625
0 0.4672897196261682 0.33984375 0.07476635514018691 0.08125
0 0.4652870493991989 0.278515625 0.08411214953271028 0.05234375
0 0.5774365821094793 0.25546875 0.05740987983978638 0.0484375
0 0.5527369826435247 0.298046875 0.07476635514018691 0.08515625
0 0.6041388518024032 0.299609375 0.07343124165554073 0.03984375
0 0.69826435246996 0.3171875 0.12550066755674233 0.0546875
0 0.7636849132176236 0.351953125 0.06675567423230974 0.08359375
0 0.8384512683578104 0.35546875 0.09345794392523364 0.0734375
0 0.8411214953271028 0.30625 0.12283044058744993 0.053125
0 0.6789052069425902 0.248828125 0.08945260347129506 0.04453125
0 0.7489986648865153 0.2640625 0.06408544726301736 0.05
