0 0.5268518518518519 0.375 0.1 0.1638888888888889
0 0.8157407407407408 0.31527777777777777 0.15 0.07222222222222222
0 0.19212962962962962 0.4979166666666667 0.12314814814814815 0.2791666666666667
0 0.3277777777777778 0.5180555555555556 0.362962962962963 0.19444444444444445
0 0.7138888888888889 0.5708333333333333 0.362962962962963 0.32222222222222224
0 0.8805555555555555 0.3729166666666667 0.10740740740740741 0.10416666666666667
0 0.8310185185185185 0.40694444444444444 0.13055555555555556 0.15833333333333333
0 0.7064814814814815 0.375 0.12777777777777777 0.16111111111111112
0 0.6240740740740741 0.3972222222222222 0.12037037037037036 0.11388888888888889
0 0.4773148148148148 0.6708333333333333 0.36018518518518516 0.35833333333333334
0 0.362962962962963 0.8138888888888889 0.45 0.36944444444444446
