0 0.41596638655462187 0.4513089005235602 0.1195862960568843 0.14031413612565444
0 0.4941822882999354 0.3481675392670157 0.10536522301228184 0.0743455497382199
0 0.5358758888170653 0.4198952879581152 0.15255332902391727 0.10052356020942409
0 0.7802197802197802 0.7146596858638743 0.18487394957983194 0.22303664921465968
0 0.7126696832579186 0.6445026178010471 0.2062055591467356 0.21675392670157068
0 0.8613445378151261 0.5350785340314136 0.054945054945054944 0.1382198952879581
0 0.8015513897866839 0.5151832460732985 0.060762766645119586 0.1612565445026178
0 0.735617323852618 0.487434554973822 0.058177117000646414 0.14973821989528796
0 0.656431803490627 0.4408376963350785 0.12217194570135746 0.10471204188481675
0 0.6418875242404655 0.4837696335078534 0.10989010989010989 0.09633507853403141
0 0.5998707175177763 0.5052356020942408 0.12540400775694893 0.1099476439790576
0 0.5203619909502263 0.5732984293193717 0.17065287653522948 0.19790575916230366
