0 0.8962962962962963 0.3697771587743733 0.16666666666666666 0.4192200557103064
0 0.7731481481481481 0.19011142061281336 0.11296296296296296 0.2604456824512535
0 0.6518518518518519 0.201949860724234 0.10555555555555556 0.2395543175487465
0 0.5736111111111111 0.15598885793871867 0.09166666666666666 0.21448467966573817
0 0.42453703703703705 0.19080779944289694 0.13796296296296295 0.21448467966573817
0 0.3425925925925926 0.11768802228412256 0.1574074074074074 0.22701949860724233
0 0.27685185185185185 0.2639275766016713 0.13703703703703704 0.24930362116991645
0 0.12731481481481483 0.4213091922005571 0.18611111111111112 0.2883008356545961
0 0.25833333333333336 0.5027855153203342 0.2351851851851852 0.3064066852367688
0 0.026851851851851852 0.5536211699164345 0.05185185185185185 0.201949860724234
0 0.6814814814814815 0.7931754874651811 0.6092592592592593 0.4136490250696379
0 0.15555555555555556 0.8203342618384402 0.3037037037037037 0.22284122562674094
0 0.4351851851851852 0.5522284122562674 0.30185185185185187 0.66991643454039
