0 0.6199074074074075 0.6206415620641562 0.33425925925925926 0.7196652719665272
0 0.9282407407407407 0.4490934449093445 0.14351851851851852 0.42398884239888424
0 0.8125 0.3214783821478382 0.10462962962962963 0.44490934449093444
0 0.7222222222222222 0.15271966527196654 0.12037037037037036 0.2719665271966527
0 0.6425925925925926 0.11227336122733612 0.10740740740740741 0.20781032078103207
0 0.5777777777777777 0.18479776847977686 0.07592592592592592 0.24407252440725244
0 0.44305555555555554 0.16666666666666666 0.24537037037037038 0.2691771269177127
0 0.3449074074074074 0.6234309623430963 0.6324074074074074 0.6220362622036262
0 0.28194444444444444 0.3158995815899582 0.3824074074074074 0.12691771269177127
0 0.2712962962962963 0.19735006973500696 0.3388888888888889 0.14644351464435146
0 0.23935185185185184 0.06903765690376569 0.11944444444444445 0.13528591352859135
0 0.13796296296296295 0.14365411436541142 0.19444444444444445 0.13389121338912133
0 0.8587962962962963 0.1192468619246862 0.19722222222222222 0.23291492329149233
0 0.7726851851851851 0.8535564853556485 0.1287037037037037 0.28451882845188287
