0 0.9079166666666667 0.5525 0.11416666666666667 0.3625
0 0.835 0.34 0.16833333333333333 0.2175
0 0.6925 0.35 0.09 0.175
0 0.7158333333333333 0.57375 0.13666666666666666 0.4175
0 0.6275 0.349375 0.07 0.17875
0 0.5779166666666666 0.454375 0.10916666666666666 0.27125
0 0.46 0.423125 0.11166666666666666 0.23375
0 0.42 0.295 0.16833333333333333 0.1225
0 0.34291666666666665 0.42 0.1625 0.2125
0 0.15958333333333333 0.52375 0.26916666666666667 0.21
0 0.22208333333333333 0.781875 0.32416666666666666 0.30875
