0 0.9152923538230885 0.398 0.16941529235382308 0.344
0 0.7571214392803598 0.368 0.1199400299850075 0.384
0 0.638680659670165 0.415 0.13793103448275862 0.318
0 0.6409295352323838 0.185 0.12443778110944528 0.21
0 0.6986506746626686 0.106 0.15292353823088456 0.204
0 0.8223388305847077 0.097 0.13043478260869565 0.19
0 0.5059970014992504 0.105 0.18140929535232383 0.202
0 0.260119940029985 0.092 0.1874062968515742 0.176
0 0.16116941529235382 0.379 0.1904047976011994 0.374
0 0.3313343328335832 0.345 0.15592203898050974 0.43
0 0.5052473763118441 0.38 0.20389805097451275 0.396
0 0.12818590704647675 0.712 0.23238380809595202 0.444
