0 0.795703125 0.6877962085308057 0.18359375 0.3234597156398104
0 0.80078125 0.48992890995260663 0.128125 0.29976303317535546
0 0.60859375 0.341824644549763 0.2421875 0.273696682464455
0 0.587109375 0.5337677725118484 0.17421875 0.3305687203791469
0 0.592578125 0.610781990521327 0.11484375 0.283175355450237
0 0.517578125 0.5550947867298578 0.09609375 0.2902843601895735
0 0.44609375 0.544431279620853 0.0984375 0.2334123222748815
0 0.33125 0.5509478672985783 0.1578125 0.2132701421800948
0 0.1640625 0.5242890995260664 0.1890625 0.32109004739336494
0 0.423046875 0.7440758293838863 0.25234375 0.24170616113744076
