0 0.89140625 0.379296875 0.11510416666666666 0.09453125
0 0.8122395833333333 0.311328125 0.1515625 0.09140625
0 0.8359375 0.39921875 0.13854166666666667 0.1578125
0 0.7067708333333333 0.378515625 0.12708333333333333 0.14921875
0 0.6296875 0.38671875 0.11041666666666666 0.1078125
0 0.5270833333333333 0.365234375 0.09166666666666666 0.14296875
0 0.7046875 0.557421875 0.3541666666666667 0.31328125
0 0.33932291666666664 0.526953125 0.3692708333333333 0.22578125
0 0.48020833333333335 0.658203125 0.3645833333333333 0.29609375
0 0.19609375 0.5015625 0.14635416666666667 0.2796875
0 0.3625 0.816015625 0.4635416666666667 0.36796875
