0 0.84375 0.2411111111111111 0.21416666666666667 0.15333333333333332
0 0.5941666666666666 0.2561111111111111 0.085 0.16777777777777778
0 0.8845833333333334 0.4683333333333333 0.1575 0.33
0 0.695 0.4288888888888889 0.26 0.2111111111111111
0 0.48041666666666666 0.37333333333333335 0.23916666666666667 0.18888888888888888
0 0.43125 0.42777777777777776 0.1325 0.20444444444444446
0 0.7170833333333333 0.5816666666666667 0.23083333333333333 0.28555555555555556
0 0.92125 0.8155555555555556 0.1575 0.3688888888888889
0 0.775 0.8288888888888889 0.16833333333333333 0.2577777777777778
0 0.6279166666666667 0.8488888888888889 0.16916666666666666 0.3022222222222222
0 0.49 0.7844444444444445 0.205 0.41333333333333333
0 0.4320833333333333 0.6427777777777778 0.3925 0.3655555555555556
