0 0.8879166666666667 0.43777777777777777 0.22416666666666665 0.43333333333333335
0 0.7970833333333334 0.5327777777777778 0.19416666666666665 0.4166666666666667
0 0.6804166666666667 0.5527777777777778 0.19916666666666666 0.4477777777777778
0 0.5954166666666667 0.6633333333333333 0.2475 0.4955555555555556
0 0.49625 0.7455555555555555 0.3358333333333333 0.5088888888888888
0 0.23958333333333334 0.7561111111111111 0.3358333333333333 0.48777777777777775
0 0.4454166666666667 0.4022222222222222 0.2825 0.2733333333333333
0 0.2608333333333333 0.35888888888888887 0.135 0.2733333333333333
0 0.2995833333333333 0.14833333333333334 0.09583333333333334 0.19444444444444445
0 0.44666666666666666 0.1 0.095 0.18888888888888888
0 0.8225 0.8011111111111111 0.355 0.3977777777777778
