0 0.8917682926829268 0.6950301204819277 0.16615853658536586 0.5948795180722891
0 0.9138719512195121 0.4239457831325301 0.1722560975609756 0.29066265060240964
0 0.7682926829268293 0.5918674698795181 0.11128048780487805 0.37349397590361444
0 0.6543445121951219 0.572289156626506 0.09679878048780488 0.28012048192771083
0 0.5423018292682927 0.7650602409638554 0.19740853658536586 0.40963855421686746
0 0.5541158536585366 0.4608433734939759 0.10060975609756098 0.2710843373493976
0 0.6425304878048781 0.3546686746987952 0.10975609756097561 0.19126506024096385
0 0.6532012195121951 0.26957831325301207 0.07774390243902439 0.09939759036144578
0 0.5472560975609756 0.3049698795180723 0.07621951219512195 0.2063253012048193
0 0.4481707317073171 0.3057228915662651 0.09146341463414634 0.19578313253012047
0 0.3094512195121951 0.6671686746987951 0.31859756097560976 0.5301204819277109
0 0.25114329268292684 0.47740963855421686 0.23551829268292682 0.29518072289156627
0 0.11852134146341463 0.7537650602409639 0.23094512195121952 0.4683734939759036
