0 0.842685370741483 0.7379518072289156 0.2665330661322645 0.3795180722891566
0 0.654308617234469 0.8147590361445783 0.2785571142284569 0.35843373493975905
0 0.36172344689378755 0.7198795180722891 0.1903807615230461 0.20481927710843373
0 0.4649298597194389 0.5030120481927711 0.17234468937875752 0.12048192771084337
0 0.21342685370741482 0.6039156626506024 0.250501002004008 0.20180722891566266
0 0.08817635270541083 0.5572289156626506 0.1683366733466934 0.1746987951807229
0 0.17635270541082165 0.7996987951807228 0.2685370741482966 0.29819277108433734
0 0.38877755511022044 0.5286144578313253 0.14829659318637275 0.09939759036144578
0 0.41382765531062127 0.5993975903614458 0.19839679358717435 0.13855421686746988
0 0.4819639278557114 0.6430722891566265 0.17034068136272545 0.20180722891566266
