0 0.39675925925925926 0.7215277777777778 0.4861111111111111 0.2361111111111111
0 0.5 0.5493055555555556 0.5685185185185185 0.18055555555555555
0 0.6356481481481482 0.41458333333333336 0.3490740740740741 0.15833333333333333
0 0.5893518518518519 0.32256944444444446 0.25833333333333336 0.13125
0 0.7412037037037037 0.33819444444444446 0.30277777777777776 0.19027777777777777
0 0.9268518518518518 0.3034722222222222 0.14629629629629629 0.18472222222222223
0 0.7347222222222223 0.246875 0.3175925925925926 0.13541666666666666
0 0.8851851851851852 0.16354166666666667 0.22777777777777777 0.08125
0 0.8986111111111111 0.2152777777777778 0.1787037037037037 0.075
0 0.6365740740740741 0.14652777777777778 0.3212962962962963 0.09583333333333334
0 0.37592592592592594 0.08958333333333333 0.2759259259259259 0.12222222222222222
0 0.1337962962962963 0.2263888888888889 0.25462962962962965 0.21666666666666667
0 0.16342592592592592 0.37222222222222223 0.3212962962962963 0.225
0 0.1125 0.4673611111111111 0.2101851851851852 0.2375
