0 0.860595703125 0.6569010416666666 0.13427734375 0.24609375
0 0.955322265625 0.5517578125 0.08935546875 0.150390625
0 0.21875 0.568359375 0.1826171875 0.14192708333333334
0 0.301513671875 0.5305989583333334 0.14208984375 0.12369791666666667
0 0.1396484375 0.4606119791666667 0.056640625 0.10611979166666667
0 0.083251953125 0.4694010416666667 0.03955078125 0.08463541666666667
0 0.06103515625 0.419921875 0.1171875 0.10807291666666667
0 0.9267578125 0.33984375 0.068359375 0.08854166666666667
0 0.876708984375 0.3470052083333333 0.07373046875 0.09244791666666667
0 0.775634765625 0.3336588541666667 0.06689453125 0.06575520833333333
0 0.83642578125 0.302734375 0.0361328125 0.059895833333333336
0 0.773193359375 0.2815755208333333 0.03564453125 0.037109375
0 0.741943359375 0.2799479166666667 0.02587890625 0.0625
0 0.6923828125 0.2913411458333333 0.0283203125 0.064453125
0 0.55517578125 0.2939453125 0.0625 0.068359375
0 0.492919921875 0.2991536458333333 0.05712890625 0.046223958333333336
0 0.49169921875 0.34765625 0.083984375 0.0390625
0 0.479248046875 0.3684895833333333 0.08349609375 0.06510416666666667
0 0.320068359375 0.326171875 0.07470703125 0.037760416666666664
0 0.184326171875 0.3603515625 0.06884765625 0.041015625
0 0.37158203125 0.3932291666666667 0.103515625 0.04296875
0 0.215576171875 0.421875 0.10205078125 0.05859375
0 0.280029296875 0.3938802083333333 0.09423828125 0.05078125
