0 0.8476953907815631 0.5414201183431953 0.1963927855711423 0.5798816568047337
0 0.8306613226452906 0.3062130177514793 0.31462925851703405 0.32840236686390534
0 0.6733466933867736 0.6183431952662722 0.14829659318637275 0.5562130177514792
0 0.5701402805611222 0.5266272189349113 0.22244488977955912 0.5384615384615384
0 0.3717434869739479 0.5665680473372781 0.16633266533066132 0.5118343195266272
0 0.16032064128256512 0.5976331360946746 0.24448897795591182 0.5502958579881657
0 0.2715430861723447 0.3772189349112426 0.11022044088176353 0.363905325443787
0 0.4589178356713427 0.26331360946745563 0.21643286573146292 0.20710059171597633
0 0.43286573146292584 0.1863905325443787 0.25250501002004005 0.17751479289940827
0 0.22545090180360722 0.11390532544378698 0.2625250501002004 0.15680473372781065
0 0.12324649298597194 0.23668639053254437 0.23847695390781562 0.2603550295857988
