0 0.4976851851851852 0.841358024691358 0.24537037037037038 0.15679012345679014
0 0.7148148148148148 0.7351851851851852 0.17592592592592593 0.11728395061728394
0 0.9518518518518518 0.6919753086419753 0.0962962962962963 0.13703703703703704
0 0.7398148148148148 0.6487654320987655 0.09444444444444444 0.12962962962962962
0 0.8023148148148148 0.65 0.11388888888888889 0.16419753086419753
0 0.8657407407407407 0.6555555555555556 0.1 0.1580246913580247
0 0.874537037037037 0.55 0.13796296296296295 0.09753086419753086
0 0.9384259259259259 0.4993827160493827 0.11203703703703703 0.10987654320987654
0 0.5763888888888888 0.6401234567901235 0.1712962962962963 0.1345679012345679
0 0.21435185185185185 0.7012345679012346 0.16944444444444445 0.17530864197530865
0 0.28194444444444444 0.6882716049382716 0.15833333333333333 0.10246913580246914
0 0.3282407407407407 0.6141975308641975 0.09907407407407408 0.09753086419753086
0 0.42824074074074076 0.6049382716049383 0.11018518518518519 0.14320987654320988
0 0.5912037037037037 0.6388888888888888 0.0787037037037037 0.16913580246913582
0 0.10138888888888889 0.42777777777777776 0.07685185185185185 0.040740740740740744
