0 0.8789893617021277 0.663 0.24202127659574468 0.61
0 0.6615691489361702 0.697 0.46675531914893614 0.554
0 0.3071808510638298 0.645 0.27393617021276595 0.63
0 0.4408244680851064 0.347 0.2779255319148936 0.306
0 0.6103723404255319 0.391 0.2473404255319149 0.394
0 0.7912234042553191 0.264 0.14627659574468085 0.28
0 0.9035904255319149 0.218 0.19281914893617022 0.328
0 0.6183510638297872 0.17 0.2978723404255319 0.276
0 0.5711436170212766 0.084 0.25930851063829785 0.148
0 0.3058510638297872 0.073 0.20212765957446807 0.142
0 0.20678191489361702 0.348 0.32845744680851063 0.392
0 0.2958776595744681 0.138 0.13962765957446807 0.132
0 0.16888297872340424 0.106 0.1276595744680851 0.1
0 0.08710106382978723 0.25 0.17154255319148937 0.28
