0 0.882421875 0.6130208333333333 0.23515625 0.5260416666666666
0 0.713671875 0.421875 0.10859375 0.33125
0 0.61640625 0.20572916666666666 0.15 0.16354166666666667
0 0.4484375 0.21875 0.1828125 0.13333333333333333
0 0.35078125 0.1734375 0.121875 0.09270833333333334
0 0.55078125 0.2953125 0.2 0.165625
0 0.3140625 0.28541666666666665 0.3109375 0.14166666666666666
0 0.404296875 0.3984375 0.15703125 0.265625
0 0.314453125 0.5005208333333333 0.17109375 0.40520833333333334
0 0.237109375 0.6151041666666667 0.26171875 0.571875
0 0.647265625 0.6473958333333333 0.16953125 0.590625
0 0.4828125 0.6270833333333333 0.171875 0.5791666666666667
