0 0.09861111111111111 0.5359375 0.16944444444444445 0.3697916666666667
0 0.13194444444444445 0.2682291666666667 0.15462962962962962 0.18645833333333334
0 0.2212962962962963 0.1859375 0.2222222222222222 0.06979166666666667
0 0.5925925925925926 0.22578125 0.2962962962962963 0.1390625
0 0.8847222222222222 0.34322916666666664 0.22314814814814815 0.11458333333333333
0 0.8902777777777777 0.42109375 0.21944444444444444 0.11197916666666667
0 0.7041666666666667 0.4140625 0.38055555555555554 0.21979166666666666
0 0.3388888888888889 0.30130208333333336 0.24074074074074073 0.17135416666666667
0 0.43194444444444446 0.5510416666666667 0.6416666666666667 0.29270833333333335
0 0.45416666666666666 0.4666666666666667 0.3287037037037037 0.21354166666666666
0 0.6856481481481481 0.7479166666666667 0.6157407407407407 0.09895833333333333
0 0.763425925925926 0.5669270833333333 0.4601851851851852 0.2755208333333333
