0 0.85125 0.2427777777777778 0.2225 0.16111111111111112
0 0.595 0.26555555555555554 0.08166666666666667 0.19333333333333333
0 0.8970833333333333 0.4588888888888889 0.1325 0.3288888888888889
0 0.7070833333333333 0.42777777777777776 0.2275 0.20444444444444446
0 0.4870833333333333 0.37333333333333335 0.2175 0.19111111111111112
0 0.43125 0.42333333333333334 0.14416666666666667 0.19777777777777777
0 0.7233333333333334 0.6011111111111112 0.23166666666666666 0.2688888888888889
0 0.9116666666666666 0.8005555555555556 0.17666666666666667 0.33
0 0.7595833333333334 0.8222222222222222 0.16083333333333333 0.24888888888888888
0 0.6245833333333334 0.8305555555555556 0.1575 0.27
0 0.5108333333333334 0.7744444444444445 0.19666666666666666 0.37555555555555553
0 0.45166666666666666 0.6533333333333333 0.365 0.3511111111111111
