0 0.5925925925925926 0.23151041666666666 0.3111111111111111 0.1265625
0 0.23055555555555557 0.18359375 0.18703703703703703 0.0765625
0 0.33194444444444443 0.31223958333333335 0.23981481481481481 0.18697916666666667
0 0.12685185185185185 0.2669270833333333 0.13333333333333333 0.19635416666666666
0 0.8523148148148149 0.3411458333333333 0.2564814814814815 0.11354166666666667
0 0.8976851851851851 0.4171875 0.20462962962962963 0.13333333333333333
0 0.9300925925925926 0.5223958333333333 0.1398148148148148 0.12083333333333333
0 0.6884259259259259 0.41458333333333336 0.35462962962962963 0.22395833333333334
0 0.7685185185185185 0.5708333333333333 0.46296296296296297 0.328125
0 0.10324074074074074 0.53828125 0.19722222222222222 0.38177083333333334
0 0.45787037037037037 0.4666666666666667 0.36018518518518516 0.21354166666666666
0 0.45416666666666666 0.5515625 0.6398148148148148 0.328125
0 0.6833333333333333 0.73359375 0.6333333333333333 0.08802083333333334
