0 0.67225 0.8130550621669627 0.3345 0.3738898756660746
0 0.696 0.6603019538188277 0.298 0.3703374777975133
0 0.85225 0.5968028419182948 0.2275 0.42984014209591476
0 0.89525 0.39520426287744226 0.1525 0.24866785079928952
0 0.75125 0.39431616341030196 0.1305 0.19538188277087035
0 0.752 0.2113676731793961 0.142 0.1669626998223801
0 0.707 0.26598579040852577 0.168 0.23712255772646537
0 0.6175 0.34991119005328597 0.112 0.30017761989342806
0 0.51725 0.26287744227353466 0.1905 0.29307282415630553
0 0.4275 0.5261989342806395 0.106 0.46625222024866786
0 0.31525 0.5772646536412078 0.0945 0.38543516873889877
0 0.12575 0.5577264653641207 0.1295 0.47957371225577267
0 0.30275 0.3743339253996448 0.2255 0.1625222024866785
0 0.3075 0.272202486678508 0.195 0.1341030195381883
0 0.2225 0.2211367673179396 0.212 0.18650088809946713
0 0.0545 0.39831261101243337 0.104 0.15008880994671403
