0 0.678125 0.6727166276346604 0.25625 0.5140515222482436
0 0.9390625 0.3442622950819672 0.0953125 0.3911007025761124
0 0.80546875 0.34953161592505855 0.078125 0.3805620608899297
0 0.715625 0.3770491803278688 0.1109375 0.41920374707259955
0 0.605078125 0.3155737704918033 0.11015625 0.2728337236533958
0 0.508984375 0.1832552693208431 0.10390625 0.18384074941451992
0 0.485546875 0.4923887587822014 0.11484375 0.5117096018735363
0 0.37265625 0.2728337236533958 0.115625 0.3442622950819672
0 0.32578125 0.4496487119437939 0.1796875 0.45901639344262296
0 0.196875 0.5339578454332553 0.1703125 0.44730679156908665
0 0.15859375 0.23126463700234193 0.14375 0.26346604215456676
0 0.0453125 0.27634660421545665 0.078125 0.32786885245901637
