0 0.72 0.8125925925925926 0.20333333333333334 0.3718518518518519
0 0.36625 0.9118518518518518 0.2841666666666667 0.17629629629629628
0 0.4583333333333333 0.6296296296296297 0.07333333333333333 0.29333333333333333
0 0.33916666666666667 0.6088888888888889 0.15166666666666667 0.2607407407407407
0 0.6091666666666666 0.6237037037037036 0.11 0.26666666666666666
0 0.775 0.5007407407407407 0.10666666666666667 0.18666666666666668
0 0.8979166666666667 0.5622222222222222 0.06916666666666667 0.22074074074074074
0 0.61 0.5288888888888889 0.17 0.1837037037037037
0 0.5216666666666666 0.48444444444444446 0.10666666666666667 0.13037037037037036
0 0.45125 0.45555555555555555 0.0975 0.10222222222222223
