0 0.7638020833333333 0.34814814814814815 0.22239583333333332 0.4185185185185185
0 0.5653645833333333 0.2726851851851852 0.20364583333333333 0.27314814814814814
0 0.4666666666666667 0.08055555555555556 0.07916666666666666 0.15185185185185185
0 0.35703125 0.17453703703703705 0.2359375 0.3194444444444444
0 0.24401041666666667 0.3199074074074074 0.11614583333333334 0.46944444444444444
0 0.5169270833333334 0.36435185185185187 0.14635416666666667 0.3287037037037037
0 0.91640625 0.6708333333333333 0.12447916666666667 0.3638888888888889
0 0.8614583333333333 0.711574074074074 0.27395833333333336 0.5768518518518518
0 0.64296875 0.837037037037037 0.25885416666666666 0.32592592592592595
0 0.4015625 0.7064814814814815 0.35833333333333334 0.4388888888888889
0 0.17421875 0.8087962962962963 0.2578125 0.3824074074074074
0 0.058333333333333334 0.7069444444444445 0.11354166666666667 0.5805555555555556
