0 0.787856071964018 0.734 0.40929535232383807 0.532
0 0.7623688155922039 0.5 0.2143928035982009 0.36
0 0.7961019490254873 0.365 0.13793103448275862 0.21
0 0.9047976011994003 0.377 0.1904047976011994 0.29
0 0.7571214392803598 0.239 0.13493253373313344 0.15
0 0.5952023988005997 0.268 0.27886056971514245 0.152
0 0.5712143928035982 0.468 0.16491754122938532 0.416
0 0.41754122938530736 0.853 0.22338830584707647 0.294
0 0.10269865067466268 0.831 0.18140929535232383 0.338
0 0.15442278860569716 0.679 0.2158920539730135 0.47
0 0.0712143928035982 0.365 0.10944527736131934 0.194
0 0.2376311844077961 0.479 0.15442278860569716 0.326
0 0.39730134932533734 0.557 0.22488755622188905 0.442
0 0.3335832083958021 0.369 0.15442278860569716 0.194
0 0.3823088455772114 0.248 0.08395802098950525 0.12
0 0.2391304347826087 0.211 0.16941529235382308 0.182
0 0.38980509745127434 0.204 0.15292353823088456 0.128
0 0.4775112443778111 0.168 0.08845577211394302 0.072
0 0.5584707646176912 0.153 0.08545727136431784 0.086
