0 0.6530944625407166 0.3584905660377358 0.43322475570032576 0.2830188679245283
0 0.8778501628664495 0.11556603773584906 0.23778501628664495 0.21226415094339623
0 0.7817589576547231 0.6273584905660378 0.24104234527687296 0.5
0 0.5586319218241043 0.5825471698113207 0.30944625407166126 0.3915094339622642
0 0.2785016286644951 0.7641509433962265 0.5504885993485342 0.41509433962264153
0 0.2280130293159609 0.2028301886792453 0.28013029315960913 0.2358490566037736
0 0.4560260586319218 0.15566037735849056 0.21498371335504887 0.08490566037735849
0 0.5276872964169381 0.2358490566037736 0.247557003257329 0.27358490566037735
0 0.503257328990228 0.07075471698113207 0.2182410423452769 0.12264150943396226
0 0.2931596091205212 0.05660377358490566 0.19543973941368079 0.10377358490566038
0 0.0749185667752443 0.07311320754716981 0.07166123778501629 0.12735849056603774
0 0.043973941368078175 0.19811320754716982 0.08143322475570032 0.11320754716981132
