0 0.08166666666666667 0.251875 0.14333333333333334 0.11875
0 0.37416666666666665 0.2621875 0.275 0.074375
0 0.6008333333333333 0.2371875 0.24 0.080625
0 0.7954166666666667 0.251875 0.1175 0.0775
0 0.8783333333333333 0.32625 0.11833333333333333 0.10125
0 0.7691666666666667 0.3384375 0.11666666666666667 0.079375
0 0.5920833333333333 0.3484375 0.36083333333333334 0.148125
0 0.8654166666666666 0.394375 0.2075 0.09625
0 0.7633333333333333 0.4528125 0.4266666666666667 0.169375
0 0.9258333333333333 0.56 0.14833333333333334 0.1875
0 0.8254166666666667 0.694375 0.3491666666666667 0.4
0 0.5133333333333333 0.733125 0.2733333333333333 0.38125
0 0.19291666666666665 0.70625 0.2991666666666667 0.39375
0 0.23208333333333334 0.5271875 0.18583333333333332 0.226875
0 0.3925 0.5175 0.20833333333333334 0.26
0 0.24416666666666667 0.3540625 0.33 0.106875
