0 0.34791666666666665 0.391015625 0.14375 0.23203125
0 0.4515625 0.36875 0.10104166666666667 0.1640625
0 0.17395833333333333 0.365234375 0.2708333333333333 0.21328125
0 0.16197916666666667 0.541015625 0.303125 0.19453125
0 0.05625 0.386328125 0.09791666666666667 0.17421875
0 0.4796875 0.86484375 0.5197916666666667 0.2046875
0 0.8458333333333333 0.83125 0.2916666666666667 0.3375
0 0.9208333333333333 0.725 0.15833333333333333 0.2390625
0 0.46822916666666664 0.676171875 0.30104166666666665 0.17578125
0 0.7598958333333333 0.612109375 0.25729166666666664 0.11171875
0 0.7567708333333333 0.534375 0.190625 0.071875
0 0.48020833333333335 0.520703125 0.24791666666666667 0.12890625
0 0.409375 0.577734375 0.2625 0.08203125
0 0.5963541666666666 0.474609375 0.25104166666666666 0.11640625
0 0.7015625 0.459765625 0.20520833333333333 0.14296875
0 0.5640625 0.3171875 0.109375 0.0640625
0 0.596875 0.386328125 0.23541666666666666 0.08515625
