0 0.7572916666666667 0.3537037037037037 0.23020833333333332 0.42962962962962964
0 0.5625 0.2712962962962963 0.209375 0.29074074074074074
0 0.5125 0.3476851851851852 0.13125 0.3212962962962963
0 0.34739583333333335 0.175 0.23020833333333332 0.3074074074074074
0 0.24791666666666667 0.3106481481481482 0.16354166666666667 0.4564814814814815
0 0.9143229166666667 0.6763888888888889 0.14010416666666667 0.3787037037037037
0 0.85703125 0.7101851851851851 0.2713541666666667 0.5796296296296296
0 0.6333333333333333 0.8314814814814815 0.259375 0.3296296296296296
0 0.4127604166666667 0.6763888888888889 0.37552083333333336 0.4287037037037037
0 0.18489583333333334 0.7958333333333333 0.25729166666666664 0.4027777777777778
0 0.058333333333333334 0.6907407407407408 0.115625 0.5407407407407407
