0 0.548125 0.6091666666666666 0.44375 0.7083333333333334
0 0.66 0.8254166666666667 0.6675 0.3491666666666667
0 0.78125 0.31875 0.345 0.26916666666666667
0 0.11 0.38916666666666666 0.20625 0.285
0 0.25875 0.12583333333333332 0.21 0.14833333333333334
0 0.4509375 0.13791666666666666 0.171875 0.14416666666666667
0 0.559375 0.10416666666666667 0.19125 0.11333333333333333
0 0.6584375 0.0525 0.113125 0.09
0 0.9034375 0.08791666666666667 0.193125 0.09916666666666667
0 0.8721875 0.04083333333333333 0.173125 0.055
