0 0.852 0.332 0.168 0.336
0 0.6925 0.2 0.121 0.23733333333333334
0 0.647 0.06533333333333333 0.19 0.112
0 0.846 0.07 0.2 0.11333333333333333
0 0.481 0.20266666666666666 0.11 0.2613333333333333
0 0.4185 0.051333333333333335 0.107 0.08666666666666667
0 0.3355 0.11066666666666666 0.207 0.058666666666666666
0 0.3245 0.24266666666666667 0.247 0.21066666666666667
0 0.1255 0.22133333333333333 0.197 0.24266666666666667
0 0.1885 0.09466666666666666 0.181 0.09866666666666667
0 0.139 0.4146666666666667 0.134 0.27466666666666667
0 0.302 0.574 0.142 0.45466666666666666
0 0.564 0.4033333333333333 0.16 0.30533333333333335
0 0.6175 0.666 0.193 0.4493333333333333
0 0.747 0.7913333333333333 0.178 0.41733333333333333
0 0.4185 0.776 0.221 0.416
0 0.1165 0.8213333333333334 0.219 0.35733333333333334
0 0.0985 0.57 0.171 0.22533333333333333
