0 0.72021484375 0.6432624113475177 0.1494140625 0.2907801418439716
0 0.845703125 0.548936170212766 0.08984375 0.19858156028368795
0 0.76220703125 0.46808510638297873 0.1064453125 0.19574468085106383
0 0.38818359375 0.5453900709219858 0.1279296875 0.41843971631205673
0 0.546875 0.6269503546099291 0.134765625 0.3801418439716312
0 0.169921875 0.6801418439716312 0.306640625 0.350354609929078
0 0.2763671875 0.573049645390071 0.134765625 0.24113475177304963
0 0.16357421875 0.4723404255319149 0.1748046875 0.11914893617021277
0 0.52978515625 0.40638297872340423 0.1259765625 0.08085106382978724
0 0.63720703125 0.48723404255319147 0.1318359375 0.2652482269503546
