0 0.8766666666666667 0.4094881398252185 0.205 0.6292134831460674
0 0.9633333333333334 0.45380774032459426 0.07333333333333333 0.40074906367041196
0 0.9691666666666666 0.14856429463171036 0.06166666666666667 0.20973782771535582
0 0.6970833333333334 0.3208489388264669 0.2225 0.5667915106117354
0 0.6233333333333333 0.7253433208489388 0.17166666666666666 0.5443196004993758
0 0.55125 0.09800249687890138 0.14083333333333334 0.19350811485642946
0 0.4 0.1972534332084894 0.16166666666666665 0.3920099875156055
0 0.11458333333333333 0.19538077403245943 0.2275 0.3782771535580524
0 0.3 0.37265917602996257 0.19166666666666668 0.568039950062422
0 0.5095833333333334 0.4556803995006242 0.2275 0.6092384519350812
0 0.11833333333333333 0.6691635455680399 0.23166666666666666 0.66167290886392
0 0.31666666666666665 0.6510611735330837 0.41833333333333333 0.6978776529338327
