0 0.42442322991249004 0.6629370629370629 0.19649960222752585 0.27132867132867133
0 0.6050119331742243 0.7923076923076923 0.1360381861575179 0.33986013986013985
0 0.7613365155131265 0.7496503496503496 0.1177406523468576 0.3328671328671329
0 0.9554494828957836 0.786013986013986 0.08910103420843278 0.3916083916083916
0 0.7748607796340493 0.6552447552447552 0.22593476531424025 0.25034965034965034
0 0.5791567223548131 0.5797202797202797 0.06682577565632458 0.1888111888111888
0 0.6845664280031821 0.5202797202797202 0.09785202863961814 0.12027972027972028
0 0.7680986475735879 0.49230769230769234 0.03898170246618934 0.05874125874125874
0 0.8922036595067622 0.541958041958042 0.10898965791567224 0.13006993006993006
0 0.86793953858393 0.4223776223776224 0.04455051710421639 0.0951048951048951
0 0.8245823389021479 0.46783216783216786 0.04852824184566428 0.0993006993006993
0 0.733890214797136 0.43636363636363634 0.07716785998408911 0.06153846153846154
0 0.6515513126491647 0.44125874125874126 0.06364359586316627 0.06293706293706294
0 0.6515513126491647 0.3888111888111888 0.03341288782816229 0.07552447552447553
0 0.698090692124105 0.3902097902097902 0.05489260143198091 0.04755244755244755
0 0.5934765314240255 0.4104895104895105 0.07159904534606205 0.0993006993006993
0 0.5377883850437549 0.4244755244755245 0.049323786793953855 0.08531468531468532
0 0.520684168655529 0.36643356643356645 0.03579952267303103 0.05034965034965035
0 0.4514717581543357 0.3657342657342657 0.061256961018297536 0.05454545454545454
0 0.4200477326968974 0.4027972027972028 0.057279236276849645 0.07272727272727272
0 0.33890214797136037 0.43846153846153846 0.06205250596658711 0.1076923076923077
0 0.5035799522673031 0.5286713286713287 0.11296738265712013 0.22377622377622378
0 0.40692124105011934 0.5 0.147175815433572 0.16363636363636364
0 0.28042959427207637 0.3993006993006993 0.04852824184566428 0.1048951048951049
0 0.2561654733492442 0.3475524475524476 0.030230708035003977 0.05174825174825175
0 0.36992840095465396 0.36433566433566433 0.035003977724741446 0.043356643356643354
