0 0.6183333333333333 0.88375 0.7433333333333333 0.2325
0 0.7054166666666667 0.7203125 0.48083333333333333 0.283125
0 0.8633333333333333 0.67125 0.2733333333333333 0.16125
0 0.7904166666666667 0.5021875 0.4191666666666667 0.173125
0 0.20291666666666666 0.5265625 0.1925 0.195625
0 0.125 0.4328125 0.16833333333333333 0.094375
0 0.655 0.3578125 0.24 0.098125
0 0.7895833333333333 0.3153125 0.16916666666666666 0.098125
0 0.42333333333333334 0.345 0.19666666666666666 0.10875
0 0.2945833333333333 0.3540625 0.10083333333333333 0.113125
0 0.10916666666666666 0.353125 0.15666666666666668 0.0925
0 0.18958333333333333 0.31625 0.14083333333333334 0.10125
0 0.32916666666666666 0.259375 0.16666666666666666 0.0425
0 0.07041666666666667 0.284375 0.0975 0.04625
0 0.18791666666666668 0.2640625 0.10916666666666666 0.036875
