0 0.2375 0.17760416666666667 0.21574074074074073 0.08020833333333334
0 0.6263888888888889 0.22369791666666666 0.36018518518518516 0.11822916666666666
0 0.33287037037037037 0.31875 0.23796296296296296 0.18229166666666666
0 0.1337962962962963 0.2677083333333333 0.16574074074074074 0.18854166666666666
0 0.8787037037037037 0.3411458333333333 0.17962962962962964 0.10729166666666666
0 0.8949074074074074 0.41822916666666665 0.2101851851851852 0.12395833333333334
0 0.700925925925926 0.41953125 0.35555555555555557 0.20052083333333334
0 0.7666666666666667 0.5684895833333333 0.4666666666666667 0.29635416666666664
0 0.7078703703703704 0.7481770833333333 0.5842592592592593 0.11302083333333333
0 0.45092592592592595 0.47291666666666665 0.31666666666666665 0.20625
0 0.41898148148148145 0.5549479166666667 0.5824074074074074 0.2953125
0 0.08287037037037037 0.5463541666666667 0.1638888888888889 0.375
