0 0.750390625 0.6901114206128134 0.12890625 0.5919220055710307
0 0.84609375 0.5926183844011143 0.1359375 0.4275766016713092
0 0.561328125 0.7701949860724234 0.16484375 0.4596100278551532
0 0.258984375 0.8850974930362117 0.18828125 0.2298050139275766
0 0.404296875 0.6908077994428969 0.35234375 0.38440111420612816
0 0.20078125 0.697075208913649 0.1609375 0.37186629526462395
0 0.44921875 0.4742339832869081 0.125 0.16573816155988857
0 0.434375 0.3906685236768802 0.190625 0.18245125348189414
0 0.612109375 0.3551532033426184 0.15859375 0.15877437325905291
0 0.9484375 0.34958217270194986 0.0984375 0.20334261838440112
0 0.84375 0.44986072423398327 0.159375 0.2757660167130919
0 0.763671875 0.31824512534818944 0.15078125 0.13509749303621169
0 0.882421875 0.2590529247910863 0.11796875 0.12534818941504178
0 0.650390625 0.24860724233983286 0.06953125 0.06545961002785515
0 0.291796875 0.3516713091922006 0.10859375 0.07381615598885793
0 0.18984375 0.45891364902506965 0.0890625 0.11838440111420613
0 0.219921875 0.36768802228412256 0.09296875 0.11420612813370473
0 0.128125 0.383008356545961 0.1234375 0.06128133704735376
0 0.43984375 0.2513927576601671 0.1 0.0988857938718663
