0 0.08375 0.245625 0.13916666666666666 0.125
0 0.38625 0.269375 0.2575 0.07625
0 0.6054166666666667 0.2353125 0.2575 0.076875
0 0.7858333333333334 0.256875 0.14 0.07375
0 0.88375 0.3221875 0.1175 0.089375
0 0.7825 0.3309375 0.10166666666666667 0.066875
0 0.6133333333333333 0.353125 0.41333333333333333 0.155
0 0.75125 0.4328125 0.4791666666666667 0.155625
0 0.8158333333333333 0.6990625 0.36833333333333335 0.373125
0 0.5083333333333333 0.730625 0.29 0.365
0 0.19375 0.7009375 0.2825 0.386875
0 0.22333333333333333 0.538125 0.18666666666666668 0.2125
0 0.40625 0.508125 0.22583333333333333 0.21625
0 0.24458333333333335 0.3465625 0.3325 0.108125
