0 0.6746626686656672 0.342 0.23388305847076463 0.22
0 0.9077961019490255 0.51 0.18440779610194902 0.228
0 0.704647676161919 0.737 0.20389805097451275 0.442
0 0.4205397301349325 0.778 0.4062968515742129 0.384
0 0.404047976011994 0.578 0.34632683658170915 0.184
0 0.6019490254872564 0.539 0.15142428785607195 0.178
0 0.3305847076461769 0.486 0.2563718140929535 0.096
0 0.3650674662668666 0.425 0.34332833583208394 0.174
0 0.48650674662668664 0.265 0.11244377811094453 0.09
0 0.3800599700149925 0.281 0.11244377811094453 0.138
