0 0.6436363636363637 0.6875852660300137 0.3709090909090909 0.21828103683492497
0 0.915 0.5620736698499318 0.15363636363636363 0.3656207366984993
0 0.7759090909090909 0.41132332878581174 0.3118181818181818 0.15688949522510232
0 0.6368181818181818 0.5279672578444747 0.27 0.25375170532060026
0 0.8754545454545455 0.247612551159618 0.22 0.16234652114597545
0 0.7513636363636363 0.23601637107776263 0.13727272727272727 0.14733969986357434
0 0.4940909090909091 0.3417462482946794 0.24636363636363637 0.2605729877216917
0 0.36318181818181816 0.35607094133697137 0.21545454545454545 0.10914051841746249
0 0.205 0.5852660300136425 0.23363636363636364 0.25102319236016374
0 0.24909090909090909 0.465893587994543 0.14545454545454545 0.17053206002728513
0 0.36863636363636365 0.5313778990450204 0.10272727272727272 0.3042291950886767
0 0.4822727272727273 0.5716234652114598 0.18272727272727274 0.2837653478854025
0 0.16772727272727272 0.29195088676671216 0.2081818181818182 0.22646657571623466
0 0.09545454545454546 0.3969986357435198 0.1781818181818182 0.24556616643929058
