0 0.38651196519216824 0.32221163012392756 0.17403915881073242 0.224976167778837
0 0.08013052936910806 0.2688274547187798 0.116751269035533 0.1544327931363203
0 0.08520667150108774 0.47283126787416585 0.16896301667875271 0.34318398474737843
0 0.7102973168963017 0.29837940896091514 0.29369108049311093 0.25166825548141086
0 0.5746918056562726 0.4342230695900858 0.27918781725888325 0.25452812202097236
0 0.7690355329949239 0.6101048617731173 0.16316171138506164 0.32983794089609153
0 0.9071791153009428 0.7197330791229742 0.18564176939811458 0.23069590085795996
0 0.90319071791153 0.8593898951382268 0.1892675852066715 0.2812202097235462
0 0.6370558375634517 0.8474737845567207 0.25598259608411894 0.2650142993326978
0 0.3495286439448876 0.8446139180171592 0.21464829586656997 0.3107721639656816
0 0.1312545322697607 0.8612964728312679 0.22480058013052936 0.27740705433746427
0 0.2625090645395214 0.611534795042898 0.1986947063089195 0.340324118207817
0 0.5246555474981871 0.6101048617731173 0.331399564902103 0.44804575786463297
