0 0.8041666666666667 0.4438202247191011 0.20833333333333334 0.2459425717852684
0 0.8333333333333334 0.6379525593008739 0.13333333333333333 0.29463171036204744
0 0.6941666666666667 0.48064918851435706 0.11833333333333333 0.38701622971285893
0 0.5908333333333333 0.5480649188514357 0.13166666666666665 0.2397003745318352
0 0.5920833333333333 0.7322097378277154 0.25083333333333335 0.19350811485642946
0 0.4195833333333333 0.5955056179775281 0.13083333333333333 0.38701622971285893
0 0.2925 0.599250936329588 0.14 0.20474406991260924
0 0.30083333333333334 0.717852684144819 0.24166666666666667 0.17478152309612985
0 0.07458333333333333 0.6573033707865169 0.09583333333333334 0.2858926342072409
0 0.2 0.5411985018726592 0.21333333333333335 0.43820224719101125
