0 0.08832807570977919 0.4723698193411265 0.15930599369085174 0.14558979808714134
0 0.21805993690851735 0.44261424017003187 0.13485804416403785 0.10945802337938364
0 0.1774447949526814 0.37194473963868224 0.18769716088328076 0.07226354941551541
0 0.3556782334384858 0.40063761955366634 0.16876971608832808 0.11689691817215728
0 0.38485804416403785 0.47502656748140276 0.08990536277602523 0.10839532412327312
0 0.45701892744479494 0.45483528161530284 0.10962145110410094 0.13602550478214664
0 0.5607255520504731 0.47024442082890544 0.1309148264984227 0.09458023379383634
0 0.5910883280757098 0.42348565356004253 0.13801261829652997 0.08607863974495218
0 0.6415615141955836 0.5515409139213603 0.21845425867507887 0.13177470775770456
0 0.3332018927444795 0.6312433581296493 0.1553627760252366 0.255047821466525
0 0.5997634069400631 0.9006376195536663 0.4061514195583596 0.18597236981934112
0 0.7097791798107256 0.6737513283740701 0.14668769716088328 0.22104144527098832
0 0.4554416403785489 0.7763018065887354 0.40457413249211355 0.3007438894792774
0 0.8162460567823344 0.5292242295430393 0.17981072555205047 0.09776833156216791
0 0.7306782334384858 0.4266737513283741 0.16640378548895898 0.07120085015940489
0 0.7787854889589906 0.4771519659936238 0.21214511041009465 0.09564293304994687
0 0.862776025236593 0.6158342189160467 0.07255520504731862 0.11158342189160468
