0 0.8126582278481013 0.694813829787234 0.17721518987341772 0.6023936170212766
0 0.8561181434599157 0.44680851063829785 0.22531645569620254 0.40691489361702127
0 0.9071729957805907 0.30851063829787234 0.18565400843881857 0.2845744680851064
0 0.7468354430379747 0.3304521276595745 0.13839662447257384 0.4162234042553192
0 0.5573839662447257 0.6389627659574468 0.22869198312236286 0.6502659574468085
0 0.39409282700421944 0.6961436170212766 0.19578059071729959 0.5997340425531915
0 0.46919831223628694 0.26595744680851063 0.21940928270042195 0.25
0 0.2751054852320675 0.3371010638297872 0.15358649789029535 0.21143617021276595
0 0.1468354430379747 0.39561170212765956 0.12995780590717299 0.28324468085106386
0 0.2607594936708861 0.21675531914893617 0.1670886075949367 0.21808510638297873
0 0.1 0.26861702127659576 0.15949367088607594 0.26595744680851063
