0 0.5300925925925926 0.37777777777777777 0.20462962962962963 0.3861111111111111
0 0.17731481481481481 0.36875 0.2638888888888889 0.32916666666666666
0 0.3685185185185185 0.2972222222222222 0.13333333333333333 0.2611111111111111
0 0.30972222222222223 0.1798611111111111 0.13796296296296295 0.13472222222222222
0 0.5 0.18194444444444444 0.20925925925925926 0.1111111111111111
0 0.5175925925925926 0.10069444444444445 0.05740740740740741 0.09305555555555556
0 0.5726851851851852 0.10486111111111111 0.05092592592592592 0.12638888888888888
0 0.6509259259259259 0.14583333333333334 0.1111111111111111 0.14444444444444443
0 0.7560185185185185 0.13333333333333333 0.09537037037037037 0.15555555555555556
0 0.8296296296296296 0.14375 0.13148148148148148 0.11527777777777778
0 0.8222222222222222 0.26944444444444443 0.11851851851851852 0.14444444444444443
