0 0.73625 0.6772784019975031 0.24083333333333334 0.3333333333333333
0 0.63375 0.2671660424469413 0.3458333333333333 0.3046192259675406
0 0.5229166666666667 0.43196004993757803 0.15583333333333332 0.28714107365792757
0 0.5925 0.7222222222222222 0.20166666666666666 0.5555555555555556
0 0.18458333333333332 0.25280898876404495 0.3425 0.19101123595505617
0 0.15041666666666667 0.3857677902621723 0.27416666666666667 0.17478152309612985
0 0.08416666666666667 0.5087390761548065 0.16333333333333333 0.19350811485642946
0 0.09583333333333334 0.8052434456928839 0.19 0.2546816479400749
0 0.26125 0.5418227215980025 0.2808333333333333 0.37453183520599254
0 0.33458333333333334 0.7309612983770287 0.24916666666666668 0.533083645443196
