0 0.77125 0.23407407407407407 0.13083333333333333 0.4
0 0.66 0.5992592592592593 0.13666666666666666 0.6562962962962963
0 0.8391666666666666 0.5362962962962963 0.23833333333333334 0.4414814814814815
0 0.935 0.8651851851851852 0.13 0.2696296296296296
0 0.8279166666666666 0.9177777777777778 0.11583333333333333 0.16444444444444445
0 0.46791666666666665 0.21037037037037037 0.2625 0.2992592592592593
0 0.2604166666666667 0.2859259259259259 0.25083333333333335 0.39111111111111113
0 0.35125 0.3088888888888889 0.24583333333333332 0.26814814814814814
0 0.46416666666666667 0.48592592592592593 0.195 0.4177777777777778
0 0.275 0.6459259259259259 0.16666666666666666 0.554074074074074
0 0.3904166666666667 0.8014814814814815 0.3525 0.397037037037037
0 0.057916666666666665 0.8348148148148148 0.10083333333333333 0.28888888888888886
0 0.04875 0.522962962962963 0.09416666666666666 0.4444444444444444
0 0.09666666666666666 0.31925925925925924 0.19 0.3214814814814815
