0 0.328515625 0.3125 0.25390625 0.2
0 0.29140625 0.1828125 0.0875 0.07604166666666666
0 0.77421875 0.19895833333333332 0.26875 0.11666666666666667
0 0.94140625 0.17864583333333334 0.1171875 0.084375
0 0.84296875 0.30520833333333336 0.2421875 0.1125
0 0.511328125 0.3619791666666667 0.16015625 0.13854166666666667
0 0.75 0.38645833333333335 0.353125 0.22708333333333333
0 0.9421875 0.45677083333333335 0.115625 0.10729166666666666
0 0.83359375 0.5739583333333333 0.3328125 0.1625
0 0.80703125 0.8020833333333334 0.3859375 0.3958333333333333
0 0.7078125 0.5015625 0.2 0.271875
0 0.501171875 0.6760416666666667 0.24921875 0.2916666666666667
0 0.351171875 0.9020833333333333 0.54140625 0.19583333333333333
0 0.21171875 0.6895833333333333 0.36875 0.3645833333333333
0 0.153515625 0.559375 0.28671875 0.3625
