0 0.3365817091454273 0.784 0.3103448275862069 0.432
0 0.6071964017991005 0.811 0.2368815592203898 0.378
0 0.8058470764617691 0.771 0.20839580209895053 0.458
0 0.9377811094452774 0.734 0.12443778110944528 0.456
0 0.8170914542728636 0.471 0.16491754122938532 0.286
0 0.7983508245877061 0.341 0.30434782608695654 0.226
0 0.856071964017991 0.268 0.2638680659670165 0.244
0 0.8725637181409296 0.134 0.07196401799100449 0.096
0 0.7901049475262368 0.123 0.09295352323838081 0.13
0 0.34407796101949023 0.256 0.2593703148425787 0.232
0 0.13943028485757122 0.301 0.12293853073463268 0.262
0 0.32908545727136435 0.505 0.3373313343328336 0.35
0 0.095952023988006 0.719 0.16491754122938532 0.562
0 0.20614692653673164 0.113 0.2653673163418291 0.106
0 0.4715142428785607 0.106 0.10644677661169415 0.06
0 0.48500749625187406 0.049 0.1934032983508246 0.074
0 0.29160419790104947 0.062 0.13343328335832083 0.076
