0 0.767616191904048 0.489 0.2098950524737631 0.334
0 0.7916041979010495 0.731 0.41679160419790107 0.538
0 0.5652173913043478 0.478 0.20089955022488756 0.412
0 0.9175412293853074 0.376 0.16491754122938532 0.284
0 0.7931034482758621 0.378 0.13493253373313344 0.224
0 0.7518740629685158 0.214 0.11544227886056972 0.14
0 0.5944527736131934 0.259 0.24437781109445278 0.158
0 0.5562218890554723 0.161 0.08995502248875563 0.094
0 0.4947526236881559 0.177 0.05697151424287856 0.074
0 0.3830584707646177 0.204 0.1664167916041979 0.136
0 0.391304347826087 0.262 0.08995502248875563 0.144
0 0.2368815592203898 0.238 0.14992503748125938 0.156
0 0.07421289355322339 0.383 0.12143928035982009 0.182
0 0.3238380809595202 0.354 0.15292353823088456 0.196
0 0.25037481259370314 0.482 0.16491754122938532 0.34
0 0.4032983508245877 0.545 0.22488755622188905 0.422
0 0.15742128935532235 0.636 0.22188905547226387 0.408
0 0.095952023988006 0.831 0.17991004497751126 0.33
0 0.42203898050974514 0.846 0.22638680659670166 0.308
