0 0.8525 0.322 0.187 0.3426666666666667
0 0.6895 0.20666666666666667 0.105 0.24533333333333332
0 0.853 0.07333333333333333 0.21 0.13066666666666665
0 0.648 0.082 0.168 0.14
0 0.433 0.044 0.13 0.08
0 0.484 0.20533333333333334 0.12 0.2906666666666667
0 0.315 0.252 0.234 0.22933333333333333
0 0.3255 0.11533333333333333 0.179 0.08666666666666667
0 0.119 0.21066666666666667 0.168 0.248
0 0.187 0.08266666666666667 0.16 0.10133333333333333
0 0.1265 0.41133333333333333 0.131 0.27066666666666667
0 0.303 0.5893333333333334 0.134 0.44266666666666665
0 0.0965 0.5713333333333334 0.175 0.252
0 0.1125 0.816 0.215 0.368
0 0.425 0.7686666666666667 0.194 0.43866666666666665
0 0.7475 0.804 0.185 0.392
0 0.6265 0.7046666666666667 0.145 0.516
0 0.5805 0.4266666666666667 0.191 0.312
