0 0.759 0.39866666666666667 0.204 0.392
0 0.642 0.11933333333333333 0.222 0.204
0 0.3985 0.24533333333333332 0.221 0.25866666666666666
0 0.5795 0.32466666666666666 0.129 0.2786666666666667
0 0.246 0.5066666666666667 0.316 0.4106666666666667
0 0.2815 0.8833333333333333 0.293 0.23333333333333334
0 0.3885 0.716 0.193 0.56
0 0.4695 0.5766666666666667 0.127 0.46
0 0.558 0.704 0.132 0.584
0 0.685 0.7873333333333333 0.152 0.42533333333333334
0 0.827 0.8186666666666667 0.148 0.3626666666666667
0 0.9485 0.8166666666666667 0.103 0.36666666666666664
0 0.873 0.39466666666666667 0.134 0.336
