0 0.669 0.638 0.052 0.148
0 0.846 0.622 0.07 0.084
0 0.889 0.5926666666666667 0.086 0.08133333333333333
0 0.9275 0.706 0.109 0.09466666666666666
0 0.6935 0.5186666666666667 0.043 0.058666666666666666
0 0.8635 0.49466666666666664 0.067 0.058666666666666666
0 0.7635 0.47533333333333333 0.063 0.052
0 0.689 0.46066666666666667 0.048 0.04933333333333333
0 0.647 0.4613333333333333 0.034 0.04533333333333334
0 0.62 0.44333333333333336 0.03 0.052
0 0.5715 0.456 0.051 0.04
0 0.5085 0.47333333333333333 0.035 0.058666666666666666
0 0.4915 0.446 0.043 0.068
0 0.422 0.44666666666666666 0.082 0.058666666666666666
0 0.3285 0.458 0.027 0.04666666666666667
0 0.3155 0.47933333333333333 0.047 0.04933333333333333
0 0.408 0.5026666666666667 0.086 0.034666666666666665
0 0.324 0.5213333333333333 0.066 0.04533333333333334
0 0.4235 0.5406666666666666 0.077 0.05733333333333333
0 0.54 0.554 0.058 0.09733333333333333
0 0.3485 0.5753333333333334 0.083 0.076
0 0.469 0.6353333333333333 0.112 0.10533333333333333
0 0.3775 0.6226666666666667 0.045 0.07466666666666667
0 0.299 0.6386666666666667 0.12 0.12533333333333332
0 0.3905 0.718 0.115 0.16666666666666666
0 0.298 0.7706666666666667 0.088 0.168
0 0.24 0.8266666666666667 0.068 0.168
0 0.1605 0.7673333333333333 0.053 0.09733333333333333
0 0.131 0.8093333333333333 0.082 0.18133333333333335
0 0.4945 0.8726666666666667 0.179 0.09466666666666666
0 0.463 0.9506666666666667 0.308 0.09866666666666667
