0 0.9112709832134293 0.7052096569250318 0.1774580335731415 0.5285895806861499
0 0.7062350119904077 0.5921219822109276 0.39568345323741005 0.44218551461245237
0 0.22182254196642687 0.6200762388818297 0.4324540367705835 0.47522236340533675
0 0.28177458033573144 0.46315120711562896 0.416466826538769 0.3900889453621347
0 0.32653876898481216 0.3170266836086404 0.22621902478017586 0.2579415501905972
0 0.4548361310951239 0.3087674714104193 0.07833733013589128 0.289707750952986
0 0.7817745803357314 0.318297331639136 0.13589128697042366 0.15120711562897077
0 0.6762589928057554 0.2776365946632783 0.10071942446043165 0.12579415501905972
0 0.6247002398081535 0.18932655654383734 0.06954436450839328 0.07623888182973317
0 0.5979216626698641 0.2560355781448539 0.11990407673860912 0.0724269377382465
