0 0.74 0.28214731585518105 0.095 0.2397003745318352
0 0.7183333333333334 0.1491885143570537 0.155 0.15106117353308365
0 0.5770833333333333 0.3439450686641698 0.11583333333333333 0.10861423220973783
0 0.4195833333333333 0.418227215980025 0.1875 0.19225967540574282
0 0.23541666666666666 0.4151061173533084 0.18916666666666668 0.23345817727840198
0 0.08375 0.5699126092384519 0.15916666666666668 0.3757802746566791
0 0.2833333333333333 0.737203495630462 0.29333333333333333 0.5156054931335831
0 0.5825 0.7172284644194756 0.2733333333333333 0.5355805243445693
0 0.88 0.7871410736579276 0.22333333333333333 0.4257178526841448
0 0.65375 0.5642946317103621 0.25416666666666665 0.3920099875156055
