0 0.12387387387387387 0.5344418052256532 0.09759759759759759 0.2327790973871734
0 0.19594594594594594 0.3919239904988123 0.12762762762762764 0.09501187648456057
0 0.33933933933933935 0.4026128266033254 0.08108108108108109 0.11163895486935867
0 0.25075075075075076 0.4477434679334917 0.12312312312312312 0.10688836104513064
0 0.3048048048048048 0.47862232779097386 0.13513513513513514 0.07363420427553444
0 0.4391891891891892 0.4418052256532066 0.12162162162162163 0.10926365795724466
0 0.4391891891891892 0.3693586698337292 0.11261261261261261 0.09263657957244656
0 0.5608108108108109 0.3693586698337292 0.07957957957957958 0.09263657957244656
0 0.5518018018018018 0.21021377672209027 0.06156156156156156 0.0688836104513064
0 0.6554054054054054 0.3503562945368171 0.1066066066066066 0.0688836104513064
0 0.6336336336336337 0.30997624703087884 0.0990990990990991 0.05938242280285035
0 0.7635135135135135 0.34085510688836107 0.05555555555555555 0.10688836104513064
0 0.8490990990990991 0.331353919239905 0.1036036036036036 0.07838479809976247
0 0.8175675675675675 0.3503562945368171 0.04354354354354354 0.0831353919239905
0 0.8385885885885885 0.38836104513064135 0.052552552552552555 0.04513064133016627
0 0.9001501501501501 0.37173396674584325 0.052552552552552555 0.1163895486935867
0 0.8273273273273273 0.43824228028503565 0.12912912912912913 0.06413301662707839
0 0.8303303303303303 0.5 0.1921921921921922 0.10688836104513064
0 0.8303303303303303 0.5712589073634204 0.15915915915915915 0.12589073634204276
0 0.8483483483483484 0.7494061757719715 0.1111111111111111 0.2684085510688836
0 0.7702702702702703 0.6555819477434679 0.17417417417417416 0.166270783847981
0 0.7297297297297297 0.4168646080760095 0.12912912912912913 0.14489311163895488
0 0.6936936936936937 0.47980997624703087 0.15615615615615616 0.19477434679334918
0 0.6486486486486487 0.5154394299287411 0.17417417417417416 0.171021377672209
0 0.5720720720720721 0.505938242280285 0.14714714714714713 0.10926365795724466
0 0.4466966966966967 0.5843230403800475 0.18468468468468469 0.14726840855106887
0 0.2755255255255255 0.5510688836104513 0.17867867867867868 0.11401425178147269
0 0.34234234234234234 0.7529691211401425 0.2702702702702703 0.36104513064133015
0 0.5698198198198198 0.6365795724465558 0.23873873873873874 0.171021377672209
0 0.5840840840840841 0.8182897862232779 0.14114114114114115 0.334916864608076
0 0.7627627627627628 0.8539192399049881 0.21021021021021022 0.28741092636579574
0 0.20795795795795796 0.8764845605700713 0.3738738738738739 0.24703087885985747
0 0.7072072072072072 0.19596199524940616 0.05105105105105105 0.04513064133016627
0 0.7462462462462462 0.21021377672209027 0.02702702702702703 0.05463182897862233
0 0.8475975975975976 0.2007125890736342 0.05855855855855856 0.035629453681710214
0 0.6448948948948949 0.21258907363420426 0.03453453453453453 0.035629453681710214
