0 0.7215384615384616 0.8283410138248848 0.20307692307692307 0.3294930875576037
0 0.61 0.6716589861751152 0.22 0.24193548387096775
0 0.40307692307692305 0.7799539170506913 0.18461538461538463 0.4400921658986175
0 0.36538461538461536 0.6094470046082949 0.1523076923076923 0.21889400921658986
0 0.2746153846153846 0.6002304147465438 0.14 0.1497695852534562
0 0.13076923076923078 0.5817972350230415 0.20923076923076922 0.15898617511520738
0 0.09692307692307692 0.7707373271889401 0.19076923076923077 0.3847926267281106
0 0.22153846153846155 0.7073732718894009 0.24307692307692308 0.12903225806451613
0 0.22384615384615383 0.8755760368663594 0.30923076923076925 0.22580645161290322
0 0.1376923076923077 0.32027649769585254 0.09076923076923077 0.08755760368663594
0 0.14461538461538462 0.26497695852534564 0.13846153846153847 0.10599078341013825
0 0.2323076923076923 0.10368663594470046 0.052307692307692305 0.08755760368663594
0 0.2815384615384615 0.10714285714285714 0.043076923076923075 0.0576036866359447
0 0.32769230769230767 0.10368663594470046 0.03076923076923077 0.059907834101382486
0 0.35307692307692307 0.12211981566820276 0.04461538461538461 0.055299539170506916
0 0.3723076923076923 0.14170506912442396 0.046153846153846156 0.06682027649769585
0 0.40384615384615385 0.14861751152073732 0.04153846153846154 0.07603686635944701
0 0.4576923076923077 0.14516129032258066 0.04461538461538461 0.06451612903225806
0 0.94 0.434331797235023 0.12 0.1497695852534562
0 0.8607692307692307 0.3847926267281106 0.14 0.1889400921658986
0 0.7669230769230769 0.35714285714285715 0.14615384615384616 0.12442396313364056
0 0.7161538461538461 0.2626728110599078 0.13692307692307693 0.1336405529953917
0 0.65 0.195852534562212 0.1646153846153846 0.14285714285714285
0 0.5130769230769231 0.18433179723502305 0.14615384615384616 0.0967741935483871
