0 0.052 0.6366366366366366 0.092 0.25825825825825827
0 0.322 0.6006006006006006 0.3 0.3783783783783784
0 0.335 0.37537537537537535 0.19 0.12012012012012012
0 0.483 0.4519519519519519 0.106 0.37537537537537535
0 0.523 0.24024024024024024 0.134 0.13813813813813813
0 0.566 0.37537537537537535 0.18 0.1981981981981982
0 0.647 0.512012012012012 0.13 0.32732732732732733
0 0.708 0.32882882882882886 0.176 0.2132132132132132
0 0.853 0.32732732732732733 0.134 0.2702702702702703
0 0.789 0.509009009009009 0.106 0.3993993993993994
0 0.892 0.566066066066066 0.12 0.2852852852852853
0 0.962 0.3918918918918919 0.076 0.2672672672672673
