0 0.175 0.9064171122994652 0.31666666666666665 0.17647058823529413
0 0.12333333333333334 0.7245989304812834 0.24 0.13368983957219252
0 0.22 0.6149732620320856 0.32666666666666666 0.12834224598930483
0 0.2683333333333333 0.5320855614973262 0.24333333333333335 0.12299465240641712
0 0.29 0.47593582887700536 0.21333333333333335 0.11764705882352941
0 0.6583333333333333 0.3181818181818182 0.21 0.11229946524064172
0 0.6966666666666667 0.393048128342246 0.23333333333333334 0.09090909090909091
0 0.72 0.4679144385026738 0.32 0.11229946524064172
0 0.73 0.553475935828877 0.26 0.12299465240641712
0 0.8166666666666667 0.6390374331550802 0.36666666666666664 0.32620320855614976
0 0.91 0.9171122994652406 0.18 0.1657754010695187
