0 0.3655 0.2560777957860616 0.099 0.10696920583468396
0 0.9245 0.6053484602917342 0.151 0.2771474878444084
0 0.9215 0.413290113452188 0.157 0.17828200972447325
0 0.7025 0.7228525121555915 0.229 0.5542949756888168
0 0.14 0.673419773095624 0.274 0.47487844408427876
0 0.1275 0.4854132901134522 0.155 0.2188006482982172
0 0.1375 0.3063209076175041 0.039 0.08752025931928688
0 0.1325 0.3946515397082658 0.109 0.12479740680713128
0 0.183 0.36304700162074555 0.08 0.06807131280388978
0 0.2075 0.3192868719611021 0.055 0.10048622366288493
0 0.25 0.3192868719611021 0.112 0.11993517017828201
0 0.294 0.56645056726094 0.212 0.42625607779578606
0 0.3275 0.39384116693679094 0.125 0.15235008103727715
0 0.4375 0.6085899513776337 0.137 0.47811993517017826
0 0.4035 0.34440842787682335 0.093 0.11507293354943274
0 0.497 0.5453808752025932 0.086 0.3905996758508914
0 0.578 0.5850891410048622 0.09 0.4473257698541329
0 0.5755 0.3241491085899514 0.147 0.12317666126418152
0 0.662 0.42301458670988656 0.188 0.1847649918962723
0 0.7715 0.3687196110210697 0.093 0.2025931928687196
