0 0.66875 0.6668618266978923 0.275 0.5351288056206089
0 0.946875 0.3360655737704918 0.10625 0.40749414519906324
0 0.80234375 0.36065573770491804 0.115625 0.38875878220140514
0 0.700390625 0.3741217798594848 0.10078125 0.40398126463700235
0 0.593359375 0.3085480093676815 0.09453125 0.30327868852459017
0 0.50625 0.19613583138173302 0.090625 0.18149882903981265
0 0.487109375 0.4888758782201405 0.13359375 0.4765807962529274
0 0.375390625 0.26990632318501173 0.11328125 0.30562060889929743
0 0.3078125 0.4642857142857143 0.1796875 0.45550351288056207
0 0.18984375 0.5310304449648712 0.15625 0.4414519906323185
0 0.1546875 0.25117096018735363 0.134375 0.26346604215456676
0 0.0484375 0.2968384074941452 0.084375 0.4016393442622951
