0 0.12678571428571428 0.43029490616621985 0.18214285714285713 0.2064343163538874
0 0.33973214285714287 0.3512064343163539 0.12053571428571429 0.0777479892761394
0 0.46205357142857145 0.3900804289544236 0.14017857142857143 0.10991957104557641
0 0.060714285714285714 0.8445040214477212 0.10892857142857143 0.19571045576407506
0 0.403125 0.811662198391421 0.41517857142857145 0.37667560321715815
0 0.5397321428571429 0.6916890080428955 0.39017857142857143 0.2520107238605898
0 0.6316964285714286 0.6273458445040214 0.3419642857142857 0.21179624664879357
0 0.5575892857142857 0.4839142091152815 0.12946428571428573 0.1903485254691689
0 0.7508928571428571 0.5288203753351206 0.20357142857142857 0.1487935656836461
0 0.8026785714285715 0.28619302949061665 0.11607142857142858 0.08445040214477212
0 0.8455357142857143 0.3378016085790885 0.06428571428571428 0.06702412868632708
