0 0.3045833333333333 0.37388724035608306 0.06916666666666667 0.2551928783382789
0 0.18041666666666667 0.7826409495548962 0.16083333333333333 0.3991097922848665
0 0.4816666666666667 0.18545994065281898 0.04833333333333333 0.1572700296735905
0 0.4 0.28338278931750743 0.155 0.17210682492581603
0 0.5295833333333333 0.33086053412462907 0.06416666666666666 0.19584569732937684
0 0.5704166666666667 0.2685459940652819 0.08083333333333333 0.1543026706231454
0 0.6125 0.2403560830860534 0.065 0.14540059347181009
0 0.3854166666666667 0.45326409495548964 0.08916666666666667 0.23293768545994065
0 0.4816666666666667 0.4406528189910979 0.095 0.23738872403560832
0 0.6208333333333333 0.4577151335311573 0.13666666666666666 0.15281899109792285
0 0.39 0.650593471810089 0.10333333333333333 0.23590504451038577
0 0.5029166666666667 0.766320474777448 0.12416666666666666 0.4228486646884273
0 0.5945833333333334 0.642433234421365 0.16416666666666666 0.26706231454005935
0 0.4041666666666667 0.9065281899109793 0.24666666666666667 0.18397626112759644
