0 0.0630787037037037 0.061197916666666664 0.08680555555555555 0.05295138888888889
0 0.1684027777777778 0.09114583333333333 0.13078703703703703 0.05381944444444445
0 0.32349537037037035 0.08680555555555555 0.17708333333333334 0.07291666666666667
0 0.5503472222222222 0.08940972222222222 0.1400462962962963 0.06770833333333333
0 0.5914351851851852 0.06510416666666667 0.16666666666666666 0.08680555555555555
0 0.6984953703703703 0.06987847222222222 0.11458333333333333 0.09809027777777778
0 0.8732638888888888 0.21223958333333334 0.2534722222222222 0.12586805555555555
0 0.8767361111111112 0.3650173611111111 0.2465277777777778 0.23177083333333334
0 0.33101851851851855 0.4479166666666667 0.6111111111111112 0.2934027777777778
0 0.5856481481481481 0.5828993055555556 0.7662037037037037 0.2821180555555556
0 0.5978009259259259 0.8051215277777778 0.8043981481481481 0.3897569444444444
