0 0.125 0.1941323345817728 0.24 0.3757802746566791
0 0.5525 0.08863920099875156 0.18666666666666668 0.17478152309612985
0 0.9645833333333333 0.16354556803995007 0.07083333333333333 0.21722846441947566
0 0.9629166666666666 0.4812734082397004 0.07416666666666667 0.4307116104868914
0 0.85375 0.3982521847690387 0.22916666666666666 0.6367041198501873
0 0.68 0.3264669163545568 0.265 0.4781523096129838
0 0.39916666666666667 0.1947565543071161 0.14666666666666667 0.38202247191011235
0 0.30416666666666664 0.36891385767790263 0.185 0.5605493133583022
0 0.11166666666666666 0.6585518102372035 0.21833333333333332 0.6779026217228464
0 0.3129166666666667 0.6404494382022472 0.43416666666666665 0.7166042446941323
0 0.60625 0.7347066167290887 0.18083333333333335 0.5305867665418227
0 0.49 0.4500624219725343 0.27166666666666667 0.5880149812734082
