0 0.23486328125 0.2514164305949009 0.2470703125 0.23371104815864022
0 0.1591796875 0.438385269121813 0.1484375 0.29036827195467424
0 0.2392578125 0.4121813031161473 0.205078125 0.14447592067988668
0 0.29345703125 0.5127478753541076 0.3388671875 0.1954674220963173
0 0.45068359375 0.3944759206798867 0.2138671875 0.18555240793201133
0 0.556640625 0.27124645892351273 0.21484375 0.28753541076487255
0 0.7275390625 0.26274787535410765 0.251953125 0.3413597733711048
0 0.857421875 0.4128895184135977 0.19921875 0.23371104815864022
0 0.83984375 0.6430594900849859 0.22265625 0.37960339943342775
0 0.71923828125 0.6635977337110481 0.2548828125 0.3696883852691218
0 0.56103515625 0.6805949008498584 0.1630859375 0.4405099150141643
0 0.43896484375 0.7322946175637394 0.1611328125 0.45892351274787535
0 0.26953125 0.7507082152974505 0.208984375 0.42209631728045327
