0 0.34782608695652173 0.791 0.28785607196401797 0.418
0 0.5982008995502249 0.806 0.2608695652173913 0.388
0 0.7908545727136432 0.775 0.22338830584707647 0.45
0 0.9347826086956522 0.732 0.13043478260869565 0.444
0 0.8103448275862069 0.474 0.15442278860569716 0.268
0 0.800599700149925 0.356 0.2908545727136432 0.248
0 0.8493253373313343 0.25 0.2773613193403298 0.216
0 0.8703148425787106 0.132 0.08245877061469266 0.092
0 0.9677661169415293 0.127 0.049475262368815595 0.078
0 0.7848575712143928 0.125 0.08245877061469266 0.106
0 0.13043478260869565 0.321 0.12593703148425786 0.25
0 0.32533733133433285 0.509 0.33883058470764615 0.35
0 0.09295352323838081 0.693 0.17991004497751126 0.59
0 0.34557721139430286 0.252 0.2353823088455772 0.236
0 0.17916041979010494 0.138 0.2623688155922039 0.164
0 0.04872563718140929 0.174 0.09145427286356822 0.116
0 0.48050974512743627 0.047 0.16041979010494753 0.062
0 0.27811094452773616 0.07 0.13043478260869565 0.092
