0 0.8652777777777778 0.48055555555555557 0.25555555555555554 0.37037037037037035
0 0.734375 0.8004629629629629 0.21180555555555555 0.3990740740740741
0 0.2690972222222222 0.6222222222222222 0.2465277777777778 0.42592592592592593
0 0.20798611111111112 0.7810185185185186 0.11875 0.36944444444444446
0 0.4267361111111111 0.5138888888888888 0.15347222222222223 0.31851851851851853
0 0.38819444444444445 0.7134259259259259 0.20555555555555555 0.525
0 0.5340277777777778 0.6731481481481482 0.11666666666666667 0.19444444444444445
0 0.5229166666666667 0.5351851851851852 0.10694444444444444 0.15185185185185185
0 0.5520833333333334 0.36018518518518516 0.1597222222222222 0.26481481481481484
0 0.4666666666666667 0.1537037037037037 0.15416666666666667 0.24074074074074073
0 0.32708333333333334 0.16944444444444445 0.1375 0.10925925925925926
0 0.16215277777777778 0.1726851851851852 0.07708333333333334 0.15092592592592594
0 0.20034722222222223 0.2523148148148148 0.15486111111111112 0.21388888888888888
0 0.20381944444444444 0.33564814814814814 0.17847222222222223 0.18981481481481483
0 0.35625 0.23703703703703705 0.1763888888888889 0.11666666666666667
0 0.39166666666666666 0.350462962962963 0.2833333333333333 0.16574074074074074
