0 0.455 0.8303324099722992 0.27166666666666667 0.33933518005540164
0 0.8629166666666667 0.8538781163434903 0.27416666666666667 0.2867036011080332
0 0.7470833333333333 0.6551246537396122 0.25083333333333335 0.3961218836565097
0 0.92375 0.6073407202216067 0.1525 0.3448753462603878
0 0.64125 0.4937673130193906 0.3875 0.2756232686980609
0 0.73125 0.3843490304709141 0.3458333333333333 0.1814404432132964
0 0.6458333333333334 0.2278393351800554 0.15833333333333333 0.3060941828254848
0 0.8583333333333333 0.20498614958448755 0.265 0.2880886426592798
0 0.335 0.1945983379501385 0.12 0.17590027700831026
0 0.03875 0.2984764542936288 0.06916666666666667 0.2590027700831025
