0 0.81484375 0.7548611111111111 0.3703125 0.4597222222222222
0 0.835546875 0.49027777777777776 0.24453125 0.25833333333333336
0 0.563671875 0.5298611111111111 0.31328125 0.22916666666666666
0 0.38359375 0.6597222222222222 0.2984375 0.40555555555555556
0 0.203515625 0.7236111111111111 0.31171875 0.5027777777777778
0 0.798046875 0.30833333333333335 0.13359375 0.21944444444444444
0 0.64375 0.32708333333333334 0.196875 0.14305555555555555
0 0.473046875 0.3090277777777778 0.17265625 0.1875
0 0.546484375 0.22152777777777777 0.17421875 0.0763888888888889
0 0.37421875 0.3388888888888889 0.2578125 0.1527777777777778
0 0.26796875 0.43680555555555556 0.309375 0.2013888888888889
0 0.084375 0.33125 0.1609375 0.24027777777777778
0 0.19609375 0.18472222222222223 0.1484375 0.21388888888888888
0 0.273046875 0.10208333333333333 0.09140625 0.14027777777777778
0 0.3640625 0.09722222222222222 0.1515625 0.10555555555555556
0 0.50390625 0.12013888888888889 0.1734375 0.14027777777777778
0 0.58359375 0.11388888888888889 0.096875 0.1111111111111111
0 0.683203125 0.11319444444444444 0.15390625 0.12083333333333333
