0 0.205 0.6617647058823529 0.20466666666666666 0.25882352941176473
0 0.441 0.6975490196078431 0.25 0.25588235294117645
0 0.719 0.682843137254902 0.24733333333333332 0.3088235294117647
0 0.7266666666666667 0.45245098039215687 0.09466666666666666 0.15784313725490196
0 0.38066666666666665 0.5063725490196078 0.12533333333333332 0.21862745098039216
0 0.455 0.5083333333333333 0.10866666666666666 0.15
0 0.522 0.4372549019607843 0.06266666666666666 0.1411764705882353
0 0.5926666666666667 0.5151960784313725 0.17733333333333334 0.10686274509803921
0 0.6563333333333333 0.4372549019607843 0.066 0.13529411764705881
0 0.6176666666666667 0.4519607843137255 0.035333333333333335 0.056862745098039215
0 0.5756666666666667 0.41715686274509806 0.07666666666666666 0.07352941176470588
0 0.052 0.3299019607843137 0.096 0.05784313725490196
0 0.06166666666666667 0.3818627450980392 0.11266666666666666 0.0696078431372549
0 0.13366666666666666 0.33578431372549017 0.08333333333333333 0.0696078431372549
0 0.18266666666666667 0.3093137254901961 0.07466666666666667 0.07745098039215687
