0 0.17291666666666666 0.358125 0.13416666666666666 0.27375
0 0.18791666666666668 0.73 0.1925 0.54
0 0.36583333333333334 0.62 0.14166666666666666 0.53
0 0.48 0.46875 0.1 0.3175
0 0.59125 0.51 0.1425 0.3825
0 0.78625 0.55125 0.3591666666666667 0.425
0 0.41625 0.239375 0.22916666666666666 0.21125
0 0.3491666666666667 0.325 0.135 0.185
0 0.3525 0.166875 0.20833333333333334 0.13625
0 0.5804166666666667 0.165 0.23416666666666666 0.13
0 0.6545833333333333 0.3125 0.2658333333333333 0.2325
0 0.81625 0.334375 0.17916666666666667 0.34625
