0 0.275 0.7333333333333333 0.2421875 0.3888888888888889
0 0.529296875 0.6291666666666667 0.34296875 0.28055555555555556
0 0.743359375 0.5395833333333333 0.16484375 0.4263888888888889
0 0.890625 0.8215277777777777 0.21875 0.35694444444444445
0 0.549609375 0.3909722222222222 0.15390625 0.1736111111111111
0 0.671484375 0.39375 0.10390625 0.23472222222222222
0 0.642578125 0.275 0.13828125 0.11944444444444445
0 0.91953125 0.28888888888888886 0.0765625 0.16111111111111112
0 0.875 0.46875 0.146875 0.23194444444444445
0 0.2234375 0.4354166666666667 0.18125 0.2125
0 0.34921875 0.41180555555555554 0.09375 0.14305555555555555
0 0.105078125 0.5354166666666667 0.12578125 0.2513888888888889
0 0.040234375 0.5861111111111111 0.07109375 0.24444444444444444
