0 0.7445833333333334 0.715527950310559 0.29583333333333334 0.5590062111801242
0 0.8995833333333333 0.5639751552795031 0.20083333333333334 0.6434782608695652
0 0.355 0.7515527950310559 0.3233333333333333 0.4894409937888199
0 0.09708333333333333 0.7708074534161491 0.18416666666666667 0.4583850931677019
0 0.12375 0.3813664596273292 0.1825 0.3577639751552795
0 0.12125 0.11304347826086956 0.23583333333333334 0.21366459627329193
0 0.42791666666666667 0.37515527950310557 0.48083333333333333 0.4546583850931677
0 0.6929166666666666 0.2987577639751553 0.22583333333333333 0.36149068322981365
0 0.8729166666666667 0.1484472049689441 0.25416666666666665 0.2546583850931677
0 0.6479166666666667 0.06770186335403727 0.16083333333333333 0.12795031055900621
0 0.555 0.16335403726708075 0.19833333333333333 0.3093167701863354
0 0.43833333333333335 0.21925465838509317 0.27 0.284472049689441
0 0.3616666666666667 0.0484472049689441 0.2 0.08695652173913043
