0 0.6529166666666667 0.2748148148148148 0.09083333333333334 0.19111111111111112
0 0.7175 0.2562962962962963 0.06166666666666667 0.18962962962962962
0 0.9091666666666667 0.2644444444444444 0.15166666666666667 0.0874074074074074
0 0.8358333333333333 0.3414814814814815 0.12666666666666668 0.14962962962962964
0 0.94875 0.3207407407407407 0.1025 0.12
0 0.9579166666666666 0.4437037037037037 0.08416666666666667 0.19703703703703704
0 0.8895833333333333 0.5266666666666666 0.16916666666666666 0.3718518518518519
0 0.72375 0.4725925925925926 0.08083333333333333 0.19555555555555557
0 0.6166666666666667 0.5548148148148148 0.07833333333333334 0.4014814814814815
0 0.7583333333333333 0.6437037037037037 0.18666666666666668 0.3422222222222222
0 0.4533333333333333 0.2577777777777778 0.08833333333333333 0.1837037037037037
0 0.39958333333333335 0.26296296296296295 0.08916666666666667 0.17925925925925926
0 0.34791666666666665 0.2740740740740741 0.0975 0.24296296296296296
0 0.21916666666666668 0.2288888888888889 0.07833333333333334 0.10814814814814815
0 0.2625 0.2362962962962963 0.06666666666666667 0.057777777777777775
0 0.2375 0.35333333333333333 0.17333333333333334 0.14074074074074075
0 0.17958333333333334 0.4888888888888889 0.08583333333333333 0.2962962962962963
0 0.2520833333333333 0.52 0.0775 0.3022222222222222
0 0.3275 0.5288888888888889 0.06833333333333333 0.2992592592592593
0 0.4008333333333333 0.42814814814814817 0.06 0.19555555555555557
0 0.44875 0.58 0.16416666666666666 0.2859259259259259
