0 0.878125 0.8226851851851852 0.2298611111111111 0.35462962962962963
0 0.5795138888888889 0.8851851851851852 0.2743055555555556 0.22962962962962963
0 0.28506944444444443 0.5935185185185186 0.2798611111111111 0.2722222222222222
0 0.4395833333333333 0.5976851851851852 0.15694444444444444 0.4601851851851852
0 0.17465277777777777 0.3523148148148148 0.22569444444444445 0.28055555555555556
0 0.24791666666666667 0.36018518518518516 0.25277777777777777 0.20185185185185187
0 0.3993055555555556 0.24305555555555555 0.14444444444444443 0.2657407407407407
0 0.55 0.3925925925925926 0.09305555555555556 0.32037037037037036
0 0.6611111111111111 0.3712962962962963 0.16527777777777777 0.25925925925925924
0 0.7475694444444444 0.5314814814814814 0.19791666666666666 0.45555555555555555
0 0.8677083333333333 0.2351851851851852 0.09097222222222222 0.1925925925925926
0 0.8201388888888889 0.11712962962962963 0.10555555555555556 0.1787037037037037
0 0.640625 0.16157407407407406 0.21875 0.1398148148148148
0 0.7340277777777777 0.06712962962962964 0.1486111111111111 0.09537037037037037
0 0.4166666666666667 0.06296296296296296 0.16527777777777777 0.11666666666666667
0 0.5885416666666666 0.05185185185185185 0.1423611111111111 0.08888888888888889
