0 0.7533333333333333 0.7702871410736579 0.21 0.4369538077403246
0 0.5595833333333333 0.762796504369538 0.2325 0.449438202247191
0 0.45625 0.5305867665418227 0.3225 0.2746566791510612
0 0.19583333333333333 0.5742821473158551 0.22833333333333333 0.299625468164794
0 0.12916666666666668 0.45068664169787764 0.23333333333333334 0.2222222222222222
0 0.3925 0.367665418227216 0.205 0.23595505617977527
0 0.54375 0.34207240948813983 0.1475 0.1523096129837703
0 0.72375 0.381398252184769 0.2225 0.2184769038701623
0 0.6583333333333333 0.25842696629213485 0.14833333333333334 0.11485642946317104
0 0.7783333333333333 0.2484394506866417 0.155 0.14731585518102372
0 0.8695833333333334 0.22347066167290885 0.14083333333333334 0.18976279650436953
