0 0.58 0.7224199288256228 0.124 0.20640569395017794
0 0.59 0.5889679715302492 0.028 0.07473309608540925
0 0.499 0.5765124555160143 0.082 0.08540925266903915
0 0.506 0.6494661921708185 0.048 0.09608540925266904
0 0.366 0.791814946619217 0.256 0.19572953736654805
0 0.196 0.7348754448398577 0.2 0.2313167259786477
0 0.363 0.5569395017793595 0.066 0.07473309608540925
0 0.431 0.5889679715302492 0.03 0.05338078291814947
0 0.334 0.6138790035587188 0.088 0.060498220640569395
0 0.423 0.6957295373665481 0.154 0.15302491103202848
