0 0.7197730248799651 0.77039067854695 0.3212570929725011 0.4592186429061001
0 0.9129201222173723 0.746401644962303 0.17415975556525534 0.4729266620973269
0 0.947402880838062 0.5147361206305688 0.10519423832387603 0.3577793008910212
0 0.7285028371890004 0.1864290610006854 0.2234831951113051 0.3029472241261138
0 0.624181580096028 0.0884167237834133 0.21038847664775207 0.11925976696367376
0 0.3018332605848974 0.07436600411240575 0.28502837189000435 0.14461960246744346
0 0.14797031863814927 0.23132282385195338 0.2680052378873854 0.27895819054146676
0 0.18463553033609778 0.4962302947224126 0.35966826713225664 0.4276901987662783
0 0.28131820165866434 0.8063742289239205 0.1907463989524225 0.387251542152159
0 0.10475774770842426 0.8457847840986977 0.17285028371890004 0.30843043180260454
