0 0.5258126195028681 0.32028985507246377 0.24091778202676864 0.263768115942029
0 0.8250478011472275 0.4144927536231884 0.1586998087954111 0.2144927536231884
0 0.6108986615678776 0.39710144927536234 0.25812619502868067 0.11594202898550725
0 0.5965583173996176 0.5057971014492754 0.10707456978967496 0.22318840579710145
0 0.7476099426386233 0.5289855072463768 0.2829827915869981 0.2
0 0.7973231357552581 0.6579710144927536 0.25621414913957935 0.14492753623188406
0 0.6653919694072657 0.7652173913043478 0.37093690248565964 0.1565217391304348
0 0.8231357552581262 0.8594202898550725 0.23135755258126195 0.13623188405797101
0 0.748565965583174 0.9434782608695652 0.3193116634799235 0.11304347826086956
0 0.29923518164435947 0.7391304347826086 0.3652007648183556 0.3188405797101449
0 0.15009560229445507 0.6521739130434783 0.29636711281070743 0.35942028985507246
0 0.23135755258126195 0.37971014492753624 0.1950286806883365 0.17391304347826086
0 0.05736137667304015 0.4217391304347826 0.0994263862332696 0.25217391304347825
0 0.10994263862332695 0.25072463768115943 0.2045889101338432 0.20579710144927535
