0 0.84765625 0.4185552407932011 0.173828125 0.24504249291784702
0 0.8310546875 0.6473087818696884 0.220703125 0.38526912181303113
0 0.7109375 0.6756373937677054 0.25 0.35410764872521244
0 0.5615234375 0.2790368271954674 0.23046875 0.24362606232294617
0 0.7421875 0.2443342776203966 0.240234375 0.34702549575070823
0 0.24072265625 0.2556657223796034 0.2568359375 0.24787535410764872
0 0.46044921875 0.40368271954674223 0.2099609375 0.19263456090651557
0 0.5712890625 0.6770538243626062 0.1796875 0.41359773371104813
0 0.44287109375 0.726628895184136 0.1787109375 0.45325779036827196
0 0.2783203125 0.7330028328611898 0.203125 0.4518413597733711
0 0.16357421875 0.4376770538243626 0.1513671875 0.28328611898017
0 0.27587890625 0.4369688385269122 0.1884765625 0.19121813031161472
0 0.30908203125 0.5262039660056658 0.3369140625 0.24504249291784702
