0 0.8325 0.7213483146067415 0.335 0.45393258426966293
0 0.6125 0.4101123595505618 0.13166666666666665 0.12359550561797752
0 0.6366666666666667 0.3449438202247191 0.11666666666666667 0.07865168539325842
0 0.7191666666666666 0.44157303370786516 0.09833333333333333 0.09213483146067415
0 0.44333333333333336 0.3797752808988764 0.1 0.10337078651685393
0 0.4 0.42134831460674155 0.09 0.10561797752808989
0 0.33416666666666667 0.5 0.20166666666666666 0.16404494382022472
0 0.35 0.5640449438202247 0.14333333333333334 0.14382022471910114
0 0.375 0.7640449438202247 0.29333333333333333 0.3595505617977528
0 0.13416666666666666 0.7213483146067415 0.255 0.3955056179775281
0 0.0875 0.5067415730337078 0.11166666666666666 0.1101123595505618
0 0.12916666666666668 0.4044943820224719 0.115 0.05393258426966292
0 0.1575 0.4449438202247191 0.08166666666666667 0.05393258426966292
