0 0.6080729166666666 0.22199074074074074 0.365625 0.36712962962962964
0 0.7765625 0.10092592592592593 0.2942708333333333 0.20092592592592592
0 0.6157552083333333 0.3696759259259259 0.19192708333333333 0.48009259259259257
0 0.4140625 0.44351851851851853 0.30052083333333335 0.43425925925925923
0 0.289453125 0.4465277777777778 0.31588541666666664 0.42453703703703705
0 0.8462239583333333 0.4706018518518518 0.22161458333333334 0.25787037037037036
0 0.829296875 0.757175925925926 0.23098958333333333 0.31527777777777777
0 0.555078125 0.7590277777777777 0.3028645833333333 0.33194444444444443
0 0.14114583333333333 0.6180555555555556 0.271875 0.275
0 0.20872395833333332 0.7944444444444444 0.41484375 0.4009259259259259
