0 0.853515625 0.41005665722379603 0.19140625 0.2705382436260623
0 0.537109375 0.28824362606232296 0.208984375 0.2563739376770538
0 0.72998046875 0.24929178470254956 0.2333984375 0.3314447592067989
0 0.23583984375 0.24858356940509915 0.2685546875 0.2535410764872521
0 0.4609375 0.386685552407932 0.18359375 0.15864022662889518
0 0.15087890625 0.43626062322946174 0.1416015625 0.31728045325779036
0 0.25390625 0.42209631728045327 0.193359375 0.1643059490084986
0 0.30712890625 0.5070821529745042 0.3232421875 0.21813031161473087
0 0.83251953125 0.6558073654390935 0.2275390625 0.37110481586402266
0 0.71826171875 0.6862606232294618 0.2451171875 0.3668555240793201
0 0.556640625 0.6813031161473088 0.15234375 0.41076487252124644
0 0.4404296875 0.7237960339943342 0.154296875 0.4447592067988669
0 0.25927734375 0.7471671388101983 0.1982421875 0.4376770538243626
