0 0.15912117177097204 0.664 0.16378162450066577 0.236
0 0.48535286284953394 0.774 0.24900133155792276 0.24
0 0.7143808255659121 0.763 0.10252996005326231 0.322
0 0.7996005326231691 0.68 0.08122503328894808 0.22
0 0.8754993342210386 0.603 0.17976031957390146 0.174
0 0.6631158455392809 0.658 0.08255659121171771 0.22
0 0.6051930758988016 0.611 0.07057256990679095 0.158
0 0.5346205059920106 0.634 0.11051930758988016 0.096
0 0.4980026631158455 0.596 0.1384820239680426 0.12
0 0.3255659121171771 0.697 0.19307589880159787 0.218
0 0.2596537949400799 0.645 0.18375499334221038 0.166
