0 0.6716697936210131 0.39282735613010844 0.2026266416510319 0.2702251876563803
0 0.5787992495309568 0.29524603836530444 0.18574108818011256 0.22351959966638865
0 0.8133208255159474 0.2756463719766472 0.0969355847404628 0.1042535446205171
0 0.899624765478424 0.30775646371976645 0.14196372732958099 0.29524603836530444
0 0.9530956848030019 0.34612176814011675 0.09380863039399624 0.2268557130942452
0 0.9415259537210757 0.6017514595496247 0.11694809255784866 0.41618015012510423
0 0.9349593495934959 0.8557130942452044 0.13008130081300814 0.22185154295246037
0 0.7782989368355222 0.7306088407005839 0.22826766729205752 0.47706422018348627
0 0.5628517823639775 0.8323603002502085 0.19011882426516574 0.31359466221851545
0 0.33989993746091307 0.737698081734779 0.3233270794246404 0.3694745621351126
0 0.5165728580362726 0.5713094245204337 0.2714196372732958 0.2969140950792327
0 0.2557848655409631 0.4324437030859049 0.14509068167604752 0.32610508757297746
0 0.3123827392120075 0.29065888240200166 0.18449030644152595 0.18932443703085905
0 0.3239524702939337 0.18515429524603835 0.11507191994996874 0.06505421184320268
0 0.14071294559099437 0.23394495412844038 0.16260162601626016 0.12593828190158465
0 0.08036272670419012 0.43286071726438696 0.13946216385240776 0.3386155129274395
0 0.16948092557848654 0.39115929941618016 0.07629768605378362 0.1834862385321101
