0 0.351 0.18140929535232383 0.31 0.31784107946026985
0 0.768 0.3493253373313343 0.184 0.2698650674662669
0 0.868 0.5224887556221889 0.264 0.3583208395802099
0 0.766 0.7466266866566716 0.468 0.2698650674662669
0 0.634 0.8988005997001499 0.732 0.19640179910044978
0 0.088 0.7353823088455772 0.172 0.4572713643178411
0 0.191 0.5224887556221889 0.33 0.48125937031484256
0 0.336 0.5209895052473763 0.228 0.4512743628185907
0 0.468 0.48500749625187406 0.14 0.29535232383808097
0 0.629 0.47301349325337333 0.238 0.47226386806596704
