0 0.7137150466045273 0.564 0.1278295605858855 0.372
0 0.6551264980026631 0.453 0.10386151797603196 0.314
0 0.5952063914780293 0.49 0.08255659121171771 0.316
0 0.5312916111850865 0.491 0.06657789613848203 0.362
0 0.474034620505992 0.472 0.07456724367509987 0.392
0 0.42543275632490013 0.403 0.05459387483355526 0.186
0 0.3808255659121172 0.529 0.08255659121171771 0.362
0 0.3521970705725699 0.348 0.1051930758988016 0.132
0 0.30958721704394143 0.546 0.0758988015978695 0.28
0 0.2336884154460719 0.515 0.1611185086551265 0.318
