0 0.6307922272047832 0.146 0.32286995515695066 0.212
0 0.7997010463378177 0.751 0.21823617339312407 0.494
0 0.6711509715994021 0.807 0.18236173393124067 0.382
0 0.5328849028400597 0.734 0.2406576980568012 0.196
0 0.4155455904334828 0.798 0.21524663677130046 0.136
0 0.28774289985052315 0.741 0.11808669656203288 0.198
0 0.47159940209267565 0.592 0.19282511210762332 0.16
0 0.57847533632287 0.401 0.28101644245142005 0.15
0 0.35575485799701045 0.174 0.20029895366218237 0.104
0 0.46038863976083705 0.239 0.24514200298953662 0.162
0 0.37070254110612855 0.341 0.17638266068759342 0.158
0 0.2862481315396114 0.364 0.13602391629297458 0.1
0 0.20029895366218237 0.321 0.11659192825112108 0.146
0 0.20179372197309417 0.433 0.09267563527653214 0.13
0 0.1218236173393124 0.414 0.06726457399103139 0.076
0 0.0687593423019432 0.412 0.09267563527653214 0.168
0 0.09267563527653214 0.594 0.07473841554559044 0.164
0 0.1576980568011958 0.505 0.09417040358744394 0.234
0 0.3841554559043348 0.499 0.19431988041853512 0.102
0 0.3086696562032885 0.501 0.11210762331838565 0.182
0 0.20029895366218237 0.565 0.12855007473841554 0.078
0 0.25411061285500747 0.598 0.17040358744394618 0.1
0 0.187593423019432 0.709 0.10911808669656203 0.166
