0 0.34791666666666665 0.690234375 0.49375 0.60234375
0 0.7385416666666667 0.701953125 0.46875 0.39765625
0 0.8380208333333333 0.441796875 0.32395833333333335 0.28828125
0 0.16770833333333332 0.698828125 0.3125 0.18515625
0 0.14635416666666667 0.52109375 0.290625 0.19375
0 0.6276041666666666 0.353515625 0.15729166666666666 0.23671875
0 0.46927083333333336 0.347265625 0.16979166666666667 0.18359375
0 0.08697916666666666 0.38359375 0.16354166666666667 0.0875
0 0.246875 0.090234375 0.12916666666666668 0.11796875
0 0.078125 0.146875 0.14791666666666667 0.1265625
0 0.10364583333333334 0.22109375 0.196875 0.0625
0 0.1671875 0.273828125 0.309375 0.12421875
0 0.4473958333333333 0.18671875 0.165625 0.1453125
0 0.35520833333333335 0.2 0.10208333333333333 0.0921875
0 0.26875 0.207421875 0.16875 0.10546875
0 0.30625 0.353515625 0.23958333333333334 0.19296875
0 0.22239583333333332 0.324609375 0.28020833333333334 0.14609375
0 0.903125 0.10546875 0.19375 0.1015625
