0 0.6386363636363637 0.6984993178717599 0.37363636363636366 0.1882673942701228
0 0.9159090909090909 0.5613915416098226 0.16818181818181818 0.3615279672578445
0 0.8668181818181818 0.26125511596180084 0.22818181818181818 0.19508867667121418
0 0.7495454545454545 0.23465211459754434 0.1318181818181818 0.17735334242837653
0 0.4863636363636364 0.3417462482946794 0.27090909090909093 0.27967257844474763
0 0.7627272727272727 0.4004092769440655 0.3145454545454546 0.20327421555252387
0 0.4668181818181818 0.5620736698499318 0.18636363636363637 0.2783083219645293
0 0.6163636363636363 0.5477489768076398 0.28545454545454546 0.27148703956343795
0 0.3563636363636364 0.36971350613915416 0.21272727272727274 0.15279672578444747
0 0.3704545454545455 0.5320600272851296 0.11181818181818182 0.3274215552523875
0 0.20136363636363636 0.5914051841746248 0.2409090909090909 0.2551159618008186
0 0.25227272727272726 0.4590723055934516 0.13545454545454547 0.15143246930422918
0 0.16727272727272727 0.2837653478854025 0.21636363636363637 0.24010914051841747
0 0.05590909090909091 0.2421555252387449 0.10454545454545454 0.13506139154160982
0 0.09090909090909091 0.4024556616643929 0.18 0.25102319236016374
0 0.022272727272727274 0.5497953615279673 0.042727272727272725 0.30559345156889495
