0 0.8057409879839786 0.616015625 0.3885180240320427 0.12578125
0 0.8564753004005341 0.846484375 0.2336448598130841 0.23203125
0 0.4699599465954606 0.87109375 0.376502002670227 0.2375
0 0.7263017356475301 0.963671875 0.23230974632843793 0.06796875
0 0.10947930574098798 0.766796875 0.18691588785046728 0.19921875
0 0.1909212283044059 0.621875 0.19225634178905207 0.1453125
0 0.35514018691588783 0.59765625 0.2162883845126836 0.128125
0 0.5487316421895861 0.522265625 0.11214953271028037 0.10703125
0 0.34512683578104136 0.5328125 0.24966622162883845 0.0859375
0 0.19626168224299065 0.41328125 0.11481975967957277 0.05
0 0.24566088117489987 0.427734375 0.2136181575433912 0.05703125
0 0.3144192256341789 0.472265625 0.28437917222963954 0.05390625
0 0.9532710280373832 0.550390625 0.09345794392523364 0.07421875
0 0.9372496662216289 0.49296875 0.12550066755674233 0.046875
0 0.8518024032042724 0.35078125 0.09612817089452604 0.0578125
0 0.9566088117489987 0.316796875 0.06275033377837116 0.06640625
0 0.9526034712950601 0.2640625 0.0814419225634179 0.03125
0 0.9285714285714286 0.226171875 0.12149532710280374 0.05546875
0 0.6401869158878505 0.2421875 0.05473965287049399 0.046875
0 0.8364485981308412 0.270703125 0.11882510013351134 0.03203125
0 0.8344459279038718 0.299609375 0.13351134846461948 0.03828125
0 0.760347129506008 0.346484375 0.08945260347129506 0.07109375
0 0.7129506008010681 0.314453125 0.0801068090787717 0.04609375
0 0.7489986648865153 0.271484375 0.06141522029372497 0.04453125
0 0.6909212283044058 0.260546875 0.07343124165554073 0.03515625
0 0.3444592790387183 0.210546875 0.14686248331108145 0.02421875
0 0.3651535380507343 0.2328125 0.16421895861148197 0.0265625
0 0.3431241655540721 0.258984375 0.16822429906542055 0.03515625
0 0.32242990654205606 0.29609375 0.11081441922563418 0.0421875
0 0.2923898531375167 0.328125 0.14152202937249667 0.0515625
0 0.465954606141522 0.3390625 0.0774365821094793 0.06875
0 0.4786381842456609 0.275390625 0.06542056074766354 0.05546875
0 0.5166889185580774 0.23125 0.06141522029372497 0.04375
0 0.5727636849132176 0.2546875 0.06141522029372497 0.0484375
0 0.5487316421895861 0.29765625 0.0801068090787717 0.075
0 0.5493991989319092 0.384375 0.1588785046728972 0.078125
0 0.650200267022697 0.338671875 0.1068090787716956 0.08046875
