0 0.8825 0.21958333333333332 0.17125 0.0975
0 0.583125 0.31416666666666665 0.23625 0.265
0 0.639375 0.48333333333333334 0.21625 0.25
0 0.4959375 0.4175 0.090625 0.30833333333333335
0 0.3825 0.43 0.20375 0.325
0 0.4025 0.5195833333333333 0.10125 0.19083333333333333
0 0.23875 0.48083333333333333 0.16375 0.20166666666666666
0 0.251875 0.3829166666666667 0.14875 0.1925
0 0.123125 0.43375 0.11125 0.18916666666666668
0 0.0765625 0.44166666666666665 0.150625 0.215
0 0.51375 0.2825 0.8675 0.30333333333333334
