0 0.6972443799854967 0.29933269780743565 0.27628716461203773 0.2402287893231649
0 0.4024655547498187 0.3069590085795996 0.15663524292965916 0.19447092469018112
0 0.08375634517766498 0.25738798856053385 0.1211022480058013 0.15252621544327932
0 0.08375634517766498 0.46186844613918016 0.1660623640319072 0.32507149666348906
0 0.565989847715736 0.4223069590085796 0.2878897751994199 0.25166825548141086
0 0.9126178390137781 0.7040038131553861 0.1747643219724438 0.2526215443279314
0 0.9060913705583756 0.8608198284080076 0.18636693255982595 0.2783603431839847
0 0.7672226250906454 0.6039084842707341 0.18564176939811458 0.29075309818875117
0 0.6472081218274112 0.8317445185891325 0.27773749093546046 0.330791229742612
0 0.3448150833937636 0.8331744518589133 0.22987672226250908 0.3203050524308866
0 0.11928934010152284 0.8450905624404195 0.22117476432197244 0.2926596758817922
0 0.26903553299492383 0.5738798856053384 0.1798404641044235 0.30505243088655865
