0 0.8908102766798419 0.3730544747081712 0.21047430830039526 0.13326848249027237
0 0.9214426877470355 0.5423151750972762 0.1551383399209486 0.26361867704280156
0 0.6803359683794467 0.3711089494163424 0.24011857707509882 0.17023346303501946
0 0.8147233201581028 0.4688715953307393 0.22430830039525693 0.17509727626459143
0 0.5395256916996047 0.3769455252918288 0.1442687747035573 0.15856031128404668
0 0.642292490118577 0.4766536964980545 0.11462450592885376 0.22568093385214008
0 0.45207509881422925 0.44406614785992216 0.25 0.20330739299610895
0 0.1941699604743083 0.5189688715953308 0.19268774703557312 0.2811284046692607
0 0.25790513833992096 0.6532101167315175 0.2964426877470356 0.2811284046692607
0 0.3557312252964427 0.813715953307393 0.16403162055335968 0.3550583657587549
0 0.4881422924901186 0.6687743190661478 0.15612648221343872 0.316147859922179
0 0.5736166007905138 0.7616731517509727 0.23023715415019763 0.3852140077821012
0 0.7381422924901185 0.7023346303501945 0.18774703557312253 0.3346303501945525
