0 0.873046875 0.5979166666666667 0.23671875 0.5083333333333333
0 0.705078125 0.425 0.09140625 0.3125
0 0.624609375 0.19947916666666668 0.14765625 0.15729166666666666
0 0.568359375 0.3046875 0.21015625 0.159375
0 0.453125 0.20729166666666668 0.1921875 0.11041666666666666
0 0.315234375 0.2755208333333333 0.30078125 0.14479166666666668
0 0.6390625 0.64375 0.175 0.5791666666666667
0 0.48046875 0.6286458333333333 0.1859375 0.5239583333333333
0 0.399609375 0.4041666666666667 0.15390625 0.2520833333333333
0 0.3234375 0.5182291666666666 0.16875 0.3927083333333333
0 0.23828125 0.6390625 0.2609375 0.5802083333333333
