0 0.8741721854304636 0.5601851851851852 0.09271523178807947 0.25
0 0.7897350993377483 0.5532407407407407 0.08278145695364239 0.2916666666666667
0 0.6423841059602649 0.5717592592592593 0.24503311258278146 0.2361111111111111
0 0.27980132450331124 0.7060185185185185 0.20860927152317882 0.3101851851851852
0 0.15397350993377484 0.3449074074074074 0.18211920529801323 0.19907407407407407
0 0.34271523178807944 0.40046296296296297 0.20198675496688742 0.22685185185185186
0 0.3029801324503311 0.5092592592592593 0.25496688741721857 0.2222222222222222
0 0.7218543046357616 0.3263888888888889 0.18543046357615894 0.10648148148148148
0 0.7102649006622517 0.39351851851851855 0.08940397350993377 0.1111111111111111
0 0.5463576158940397 0.31712962962962965 0.1456953642384106 0.10648148148148148
0 0.5 0.41203703703703703 0.15894039735099338 0.23148148148148148
0 0.5794701986754967 0.4351851851851852 0.1390728476821192 0.14814814814814814
