0 0.7511538461538462 0.40036674816625917 0.20846153846153845 0.2555012224938875
0 0.5169230769230769 0.6980440097799511 0.24307692307692308 0.5623471882640587
0 0.23192307692307693 0.6259168704156479 0.4623076923076923 0.5036674816625917
0 0.32 0.3643031784841076 0.2123076923076923 0.12469437652811736
0 0.5438461538461539 0.38141809290953543 0.20307692307692307 0.26894865525672373
0 0.38846153846153847 0.2530562347188264 0.1523076923076923 0.17603911980440098
0 0.2630769230769231 0.2530562347188264 0.09076923076923077 0.1271393643031785
0 0.13538461538461538 0.2707823960880196 0.12923076923076923 0.1430317848410758
0 0.21923076923076923 0.19009779951100245 0.03230769230769231 0.0941320293398533
0 0.17846153846153845 0.18887530562347188 0.04461538461538461 0.06234718826405868
0 0.045384615384615384 0.1687041564792176 0.06307692307692307 0.07823960880195599
0 0.12615384615384614 0.15036674816625917 0.03230769230769231 0.061124694376528114
