0 0.753515625 0.6963788300835655 0.14609375 0.5988857938718662
0 0.845703125 0.5877437325905293 0.12578125 0.42896935933147634
0 0.842578125 0.42479108635097496 0.18828125 0.21727019498607242
0 0.944921875 0.34958217270194986 0.08828125 0.21727019498607242
0 0.858203125 0.2785515320334262 0.05859375 0.08356545961002786
0 0.75625 0.3293871866295265 0.109375 0.12116991643454039
0 0.726953125 0.23746518105849582 0.05234375 0.054317548746518104
0 0.679296875 0.21727019498607242 0.04296875 0.03899721448467967
0 0.80390625 0.2277158774373259 0.0828125 0.04596100278551532
0 0.65703125 0.25835654596100277 0.065625 0.057103064066852366
0 0.615625 0.35097493036211697 0.1515625 0.15598885793871867
0 0.623046875 0.46866295264623953 0.12578125 0.21587743732590528
0 0.555078125 0.7750696378830083 0.19296875 0.4415041782729805
0 0.39140625 0.692200557103064 0.3375 0.3565459610027855
0 0.267578125 0.8844011142061281 0.18671875 0.22841225626740946
0 0.45 0.46309192200557103 0.1265625 0.16573816155988857
0 0.43515625 0.3969359331476323 0.184375 0.17270194986072424
0 0.461328125 0.3224233983286908 0.08203125 0.08217270194986072
0 0.3015625 0.36002785515320335 0.10625 0.0766016713091922
0 0.21015625 0.3711699164345404 0.0828125 0.07938718662952646
0 0.15546875 0.38997214484679665 0.146875 0.07520891364902507
0 0.1828125 0.45125348189415043 0.071875 0.10027855153203342
0 0.123046875 0.483983286908078 0.08984375 0.11559888579387187
0 0.18515625 0.674791086350975 0.178125 0.32729805013927576
