0 0.485 0.325 0.11 0.165
0 0.89125 0.33125 0.11083333333333334 0.1075
0 0.8233333333333334 0.2625 0.18 0.095
0 0.8370833333333333 0.3525 0.13583333333333333 0.17
0 0.6966666666666667 0.335625 0.12 0.15625
0 0.6125 0.3375 0.11833333333333333 0.11
0 0.6875 0.541875 0.39666666666666667 0.34125
0 0.43666666666666665 0.65875 0.38166666666666665 0.3775
0 0.31916666666666665 0.808125 0.49333333333333335 0.38375
0 0.2791666666666667 0.49 0.38166666666666665 0.2425
0 0.12583333333333332 0.459375 0.15666666666666668 0.29375
