0 0.46480938416422285 0.39552238805970147 0.2590420332355816 0.33001658374792703
0 0.8391984359726296 0.39054726368159204 0.15542521994134897 0.1011608623548922
0 0.9868035190615836 0.40381426202321724 0.026392961876832845 0.06135986733001658
0 0.9589442815249267 0.41376451077943616 0.03128054740957967 0.04477611940298507
0 0.9301075268817204 0.39800995024875624 0.016617790811339198 0.04311774461028192
0 0.8802541544477028 0.6135986733001658 0.17497556207233628 0.3383084577114428
0 0.7771260997067448 0.6981757877280266 0.17595307917888564 0.42454394693200664
0 0.7986314760508308 0.4527363184079602 0.09970674486803519 0.08955223880597014
0 0.6818181818181818 0.4867330016583748 0.176930596285435 0.1111111111111111
0 0.6304985337243402 0.7404643449419569 0.1935483870967742 0.49585406301824214
0 0.4858260019550342 0.642620232172471 0.13294232649071358 0.2802653399668325
0 0.3509286412512219 0.5887230514096186 0.14858260019550343 0.2752902155887231
0 0.12512218963831867 0.7164179104477612 0.1798631476050831 0.4577114427860697
0 0.033235581622678395 0.5580431177446102 0.06060606060606061 0.22056384742951907
0 0.3817204301075269 0.7794361525704809 0.38220918866080156 0.44112769485903813
