0 0.821484375 0.7534722222222222 0.35703125 0.4513888888888889
0 0.844921875 0.5083333333333333 0.21796875 0.30833333333333335
0 0.81796875 0.31527777777777777 0.1421875 0.25833333333333336
0 0.576953125 0.5333333333333333 0.30234375 0.2638888888888889
0 0.39140625 0.6513888888888889 0.3140625 0.35833333333333334
0 0.214453125 0.7236111111111111 0.29296875 0.5111111111111111
0 0.259765625 0.4222222222222222 0.29453125 0.2222222222222222
0 0.378515625 0.3548611111111111 0.25390625 0.19305555555555556
0 0.485546875 0.3145833333333333 0.18203125 0.19305555555555556
0 0.65703125 0.3298611111111111 0.209375 0.1375
0 0.55234375 0.2222222222222222 0.1984375 0.07777777777777778
0 0.6875 0.11736111111111111 0.1484375 0.10138888888888889
0 0.494921875 0.12708333333333333 0.17421875 0.13472222222222222
0 0.5765625 0.10833333333333334 0.090625 0.1
0 0.38671875 0.10208333333333333 0.1875 0.1125
0 0.273046875 0.10625 0.09296875 0.14305555555555555
0 0.2140625 0.19236111111111112 0.1390625 0.1736111111111111
0 0.07734375 0.34097222222222223 0.1390625 0.24027777777777778
