0 0.4628325508607199 0.8038461538461539 0.6486697965571205 0.35934065934065934
0 0.7981220657276995 0.5637362637362637 0.20500782472613457 0.367032967032967
0 0.48708920187793425 0.610989010989011 0.4045383411580595 0.25274725274725274
0 0.316510172143975 0.5225274725274726 0.3873239436619718 0.289010989010989
0 0.24100156494522693 0.3978021978021978 0.3286384976525822 0.27692307692307694
0 0.14906103286384975 0.22582417582417583 0.20579029733959311 0.2076923076923077
0 0.39162754303599373 0.20274725274725275 0.18701095461658843 0.20549450549450549
0 0.9483568075117371 0.31373626373626373 0.10015649452269171 0.2692307692307692
0 0.5645539906103286 0.4472527472527473 0.310641627543036 0.32967032967032966
0 0.6208920187793427 0.2934065934065934 0.18857589984350548 0.23296703296703297
0 0.5023474178403756 0.2714285714285714 0.12519561815336464 0.09010989010989011
0 0.653755868544601 0.14065934065934066 0.12910798122065728 0.10989010989010989
0 0.7773865414710485 0.27087912087912086 0.2887323943661972 0.21208791208791208
