0 0.8945986496624156 0.799 0.2078019504876219 0.148
0 0.8042010502625656 0.6405 0.1980495123780945 0.179
0 0.9377344336084021 0.681 0.12003000750187547 0.144
0 0.8979744936234059 0.537 0.09302325581395349 0.142
0 0.9568642160540135 0.509 0.07876969242310577 0.094
0 0.5990247561890473 0.554 0.13578394598649662 0.124
0 0.7010502625656414 0.4405 0.11327831957989497 0.087
0 0.6534133533383346 0.4605 0.07051762940735183 0.083
0 0.5517629407351838 0.4 0.09077269317329333 0.076
0 0.5768942235558889 0.491 0.07351837959489872 0.092
0 0.4891222805701425 0.4595 0.08252063015753938 0.059
0 0.40097524381095273 0.423 0.06676669167291822 0.07
0 0.4924981245311328 0.434 0.15078769692423105 0.06
0 0.45236309077269315 0.48 0.15603900975243812 0.078
0 0.4647411852963241 0.5415 0.16579144786196548 0.115
0 0.25806451612903225 0.631 0.2895723930982746 0.132
0 0.2929482370592648 0.544 0.24381095273818454 0.098
0 0.2693173293323331 0.472 0.159039759939985 0.068
0 0.12340585146286571 0.3865 0.20180045011252815 0.135
0 0.14778694673668416 0.5095 0.10352588147036759 0.107
0 0.8930982745686422 0.4555 0.12378094523630907 0.077
