0 0.862109375 0.47760416666666666 0.26796875 0.634375
0 0.6859375 0.20625 0.3578125 0.4083333333333333
0 0.779296875 0.896875 0.44140625 0.175
0 0.822265625 0.6572916666666667 0.35546875 0.3104166666666667
0 0.18828125 0.1484375 0.259375 0.265625
0 0.36328125 0.1359375 0.2078125 0.259375
0 0.468359375 0.18854166666666666 0.34453125 0.20416666666666666
0 0.43125 0.7130208333333333 0.6015625 0.478125
0 0.383203125 0.5375 0.51796875 0.39166666666666666
0 0.340625 0.43645833333333334 0.546875 0.31666666666666665
0 0.1703125 0.40260416666666665 0.3171875 0.2635416666666667
