0 0.8068072866730585 0.5378715244487057 0.2099712368168744 0.5695110258868649
0 0.9376797698945349 0.5814956855225312 0.12464046021093 0.2751677852348993
0 0.6241610738255033 0.8039309683604986 0.20709491850431447 0.3346116970278044
0 0.6644295302013423 0.4228187919463087 0.1840843720038351 0.4448705656759348
0 0.34563758389261745 0.4429530201342282 0.5129434324065196 0.2473633748801534
0 0.8624161073825504 0.3211888782358581 0.2751677852348993 0.22818791946308725
0 0.9103547459252157 0.19175455417066156 0.17929050814956854 0.15340364333652926
0 0.7976989453499521 0.10067114093959731 0.15340364333652926 0.1955896452540748
0 0.6490891658676894 0.1112176414189837 0.16874400767018216 0.20901246404602108
0 0.4621284755512943 0.16059443911792906 0.23202301054650049 0.311601150527325
0 0.22722914669223393 0.2056567593480345 0.18983700862895495 0.11984659635666348
0 0.07957813998082454 0.2162032598274209 0.13231064237775647 0.11409395973154363
0 0.13662511984659637 0.09060402684563758 0.25407478427612656 0.17353787152444872
0 0.3044103547459252 0.11601150527325024 0.18887823585810162 0.13231064237775647
0 0.2713326941514861 0.32358581016299137 0.5004793863854267 0.14285714285714285
0 0.2962607861936721 0.7976989453499521 0.5637583892617449 0.3681687440076702
0 0.2027804410354746 0.6447746883988494 0.37871524448705657 0.19463087248322147
0 0.14956855225311602 0.49856184084372 0.27612655800575264 0.17066155321188878
