0 0.893359375 0.56875 0.06015625 0.15833333333333333
0 0.864453125 0.509375 0.03984375 0.1125
0 0.853515625 0.44635416666666666 0.10234375 0.08645833333333333
0 0.8671875 0.39010416666666664 0.053125 0.046875
0 0.794921875 0.3880208333333333 0.04921875 0.09270833333333334
0 0.75234375 0.33541666666666664 0.025 0.04375
0 0.7296875 0.37395833333333334 0.053125 0.0625
0 0.662890625 0.35885416666666664 0.03984375 0.053125
0 0.703515625 0.3255208333333333 0.01953125 0.04479166666666667
0 0.63515625 0.3333333333333333 0.0453125 0.03333333333333333
0 0.541796875 0.3145833333333333 0.02265625 0.0375
0 0.5 0.3296875 0.0359375 0.030208333333333334
0 0.562890625 0.39010416666666664 0.02734375 0.06770833333333333
0 0.51640625 0.42239583333333336 0.0515625 0.078125
0 0.466015625 0.3494791666666667 0.02890625 0.051041666666666666
0 0.384765625 0.375 0.05234375 0.06041666666666667
0 0.35546875 0.39010416666666664 0.0359375 0.051041666666666666
0 0.305859375 0.4348958333333333 0.05859375 0.121875
0 0.30546875 0.3729166666666667 0.0296875 0.04791666666666667
0 0.284765625 0.3536458333333333 0.01796875 0.053125
0 0.482421875 0.4671875 0.07578125 0.09479166666666666
0 0.803515625 0.6567708333333333 0.09765625 0.23229166666666667
0 0.734765625 0.5260416666666666 0.06171875 0.12083333333333333
0 0.69921875 0.6067708333333334 0.071875 0.19270833333333334
0 0.65546875 0.7192708333333333 0.0859375 0.31145833333333334
0 0.568359375 0.6270833333333333 0.14453125 0.2375
0 0.46640625 0.59375 0.078125 0.2375
0 0.40078125 0.5677083333333334 0.05625 0.16875
0 0.33359375 0.6296875 0.084375 0.184375
0 0.265625 0.7359375 0.1296875 0.2947916666666667
0 0.23203125 0.5854166666666667 0.0546875 0.11458333333333333
0 0.13828125 0.5661458333333333 0.090625 0.153125
0 0.101953125 0.753125 0.16484375 0.29791666666666666
0 0.030859375 0.5453125 0.04609375 0.08229166666666667
