0 0.5304166666666666 0.4029649595687331 0.19916666666666666 0.4123989218328841
0 0.8229166666666666 0.3005390835579515 0.08083333333333333 0.1778975741239892
0 0.8333333333333334 0.16711590296495957 0.09666666666666666 0.14824797843665768
0 0.17583333333333334 0.39555256064690025 0.27 0.35983827493261455
0 0.3645833333333333 0.3018867924528302 0.13583333333333333 0.25336927223719674
0 0.30083333333333334 0.20013477088948786 0.15166666666666667 0.13881401617250674
0 0.48375 0.19811320754716982 0.20416666666666666 0.11590296495956873
0 0.6566666666666666 0.15700808625336926 0.12666666666666668 0.1522911051212938
0 0.7595833333333334 0.14555256064690028 0.0875 0.1752021563342318
0 0.57625 0.12061994609164421 0.0425 0.1334231805929919
0 0.5108333333333334 0.0977088948787062 0.051666666666666666 0.07951482479784366
