0 0.6125 0.26481481481481484 0.1398148148148148 0.19382716049382717
0 0.5296296296296297 0.27839506172839507 0.14444444444444443 0.17407407407407408
0 0.4273148148148148 0.33024691358024694 0.24537037037037038 0.1469135802469136
0 0.7263888888888889 0.3888888888888889 0.10462962962962963 0.20987654320987653
0 0.8893518518518518 0.5456790123456791 0.2101851851851852 0.30617283950617286
0 0.6953703703703704 0.5320987654320988 0.25925925925925924 0.16296296296296298
0 0.687037037037037 0.7222222222222222 0.17592592592592593 0.3135802469135803
0 0.5541666666666667 0.6598765432098765 0.18981481481481483 0.5148148148148148
0 0.350462962962963 0.7617283950617284 0.16574074074074074 0.4
0 0.1587962962962963 0.9191358024691358 0.30833333333333335 0.13703703703703704
0 0.425462962962963 0.691358024691358 0.18796296296296297 0.41728395061728396
0 0.43472222222222223 0.4679012345679012 0.1527777777777778 0.145679012345679
