0 0.7775 0.56375 0.355 0.4275
0 0.5891666666666666 0.52 0.13166666666666665 0.395
0 0.49416666666666664 0.473125 0.12166666666666667 0.33625
0 0.38166666666666665 0.61125 0.17166666666666666 0.515
0 0.18416666666666667 0.7275 0.195 0.5375
0 0.16375 0.3475 0.14416666666666667 0.255
0 0.41541666666666666 0.220625 0.23416666666666666 0.16625
0 0.5854166666666667 0.158125 0.21416666666666667 0.12375
0 0.34458333333333335 0.164375 0.2125 0.11625
0 0.65625 0.30125 0.23916666666666667 0.2125
0 0.8079166666666666 0.324375 0.17416666666666666 0.31125
0 0.35083333333333333 0.31625 0.15666666666666668 0.185
