0 0.5419730392156863 0.4352532679738562 0.14215686274509803 0.4424019607843137
0 0.8068321078431373 0.585171568627451 0.1871936274509804 0.556781045751634
0 0.5565257352941176 0.7738970588235294 0.4163602941176471 0.34763071895424835
0 0.9008884803921569 0.7150735294117647 0.19822303921568626 0.460375816993464
0 0.9126838235294118 0.40951797385620914 0.17463235294117646 0.2397875816993464
0 0.8999693627450981 0.26919934640522875 0.19148284313725492 0.11029411764705882
0 0.6885723039215687 0.31413398692810457 0.23314950980392157 0.26715686274509803
0 0.6426164215686274 0.12152777777777778 0.3710171568627451 0.18341503267973855
0 0.8457414215686274 0.17279411764705882 0.3023897058823529 0.0988562091503268
0 0.8854166666666666 0.10804738562091504 0.2028186274509804 0.09436274509803921
0 0.8590686274509803 0.04595588235294118 0.19669117647058823 0.06985294117647059
0 0.41973039215686275 0.315359477124183 0.1403186274509804 0.3366013071895425
0 0.2555147058823529 0.252859477124183 0.20710784313725492 0.4477124183006536
0 0.1018688725490196 0.3402777777777778 0.19332107843137256 0.19607843137254902
0 0.13465073529411764 0.5618872549019608 0.2619485294117647 0.22344771241830066
0 0.25214460784313725 0.6917892156862745 0.42769607843137253 0.49060457516339867
