0 0.7980456026058632 0.7652582159624414 0.18241042345276873 0.460093896713615
0 0.30293159609120524 0.5633802816901409 0.2280130293159609 0.215962441314554
0 0.5618892508143323 0.6502347417840375 0.21172638436482086 0.1643192488262911
0 0.4495114006514658 0.6314553990610329 0.16286644951140064 0.19248826291079812
0 0.5439739413680782 0.812206572769953 0.36482084690553745 0.18779342723004694
0 0.5130293159609121 0.8849765258215962 0.1791530944625407 0.2300469483568075
0 0.05537459283387622 0.6643192488262911 0.10423452768729642 0.1267605633802817
0 0.09609120521172639 0.7746478873239436 0.18566775244299674 0.29107981220657275
0 0.26221498371335505 0.7746478873239436 0.24429967426710097 0.26291079812206575
0 0.20684039087947884 0.36619718309859156 0.06840390879478828 0.11267605633802817
0 0.2931596091205212 0.38028169014084506 0.08469055374592833 0.09389671361502347
0 0.3485342019543974 0.3544600938967136 0.10423452768729642 0.107981220657277
