0 0.08935185185185185 0.41924629878869446 0.17685185185185184 0.1601615074024226
0 0.6027777777777777 0.38896366083445494 0.2222222222222222 0.1426648721399731
0 0.23287037037037037 0.5733512786002691 0.27870370370370373 0.288021534320323
0 0.4449074074074074 0.6238223418573351 0.30833333333333335 0.26244952893674295
0 0.20833333333333334 0.8936742934051144 0.22962962962962963 0.1641991924629879
0 0.5111111111111111 0.8337819650067295 0.18333333333333332 0.2759084791386272
0 0.7402777777777778 0.8425302826379543 0.18055555555555555 0.26648721399730824
0 0.8662037037037037 0.7160161507402423 0.2675925925925926 0.40915208613728127
0 0.7736111111111111 0.5720053835800808 0.22685185185185186 0.21534320323014805
0 0.7037037037037037 0.5632570659488559 0.22962962962962963 0.2839838492597577
