0 0.32511737089201875 0.37777777777777777 0.2589984350547731 0.2611111111111111
0 0.282472613458529 0.20277777777777778 0.10485133020344288 0.1388888888888889
0 0.528169014084507 0.43680555555555556 0.17683881064162754 0.2569444444444444
0 0.7629107981220657 0.22083333333333333 0.27699530516431925 0.18611111111111112
0 0.9381846635367762 0.19652777777777777 0.12363067292644757 0.10972222222222222
0 0.8360719874804382 0.35 0.24960876369327073 0.16944444444444445
0 0.7492175273865415 0.44583333333333336 0.3513302034428795 0.2861111111111111
0 0.9264475743348983 0.5611111111111111 0.14710485133020346 0.16111111111111112
0 0.8341158059467919 0.7048611111111112 0.3317683881064163 0.23194444444444445
0 0.8016431924882629 0.8784722222222222 0.392018779342723 0.24027777777777778
0 0.7120500782472613 0.6118055555555556 0.2112676056338028 0.3125
0 0.5 0.8215277777777777 0.2112676056338028 0.35694444444444445
0 0.21517996870109546 0.79375 0.3599374021909233 0.4041666666666667
0 0.1541471048513302 0.6770833333333334 0.30359937402190923 0.44583333333333336
