0 0.878125 0.6098958333333333 0.24375 0.484375
0 0.711328125 0.4348958333333333 0.10234375 0.321875
0 0.623046875 0.20989583333333334 0.15078125 0.16770833333333332
0 0.453125 0.2234375 0.2 0.12604166666666666
0 0.34453125 0.17604166666666668 0.1265625 0.08541666666666667
0 0.5609375 0.29010416666666666 0.2203125 0.159375
0 0.31015625 0.2921875 0.3140625 0.16145833333333334
0 0.63984375 0.6338541666666667 0.1890625 0.5572916666666666
0 0.49765625 0.6401041666666667 0.196875 0.5572916666666666
0 0.401171875 0.3984375 0.13984375 0.2760416666666667
0 0.3296875 0.5145833333333333 0.1890625 0.3875
0 0.230859375 0.6302083333333334 0.24765625 0.5583333333333333
