0 0.6421440972222222 0.34953703703703703 0.1957465277777778 0.1267361111111111
0 0.7127821180555556 0.2952835648148148 0.18684895833333334 0.08998842592592593
0 0.6827256944444444 0.4210069444444444 0.08463541666666667 0.1527777777777778
0 0.9275173611111112 0.6945891203703703 0.10243055555555555 0.3509837962962963
0 0.8040364583333334 0.7177372685185185 0.12369791666666667 0.40653935185185186
0 0.7396918402777778 0.5587384259259259 0.22981770833333334 0.20717592592592593
0 0.5500217013888888 0.48929398148148145 0.162109375 0.17650462962962962
0 0.2718098958333333 0.5072337962962963 0.2610677083333333 0.20023148148148148
0 0.5964626736111112 0.7238136574074074 0.2515190972222222 0.4036458333333333
0 0.4034288194444444 0.6614583333333334 0.2738715277777778 0.26851851851851855
0 0.4815538194444444 0.8120659722222222 0.4066840277777778 0.3428819444444444
0 0.20638020833333334 0.7184606481481481 0.2092013888888889 0.29976851851851855
0 0.2236328125 0.8421585648148148 0.3695746527777778 0.26186342592592593
0 0.08463541666666667 0.8933738425925926 0.14583333333333334 0.13859953703703703
0 0.12413194444444445 0.5969328703703703 0.09895833333333333 0.18113425925925927
