0 0.61 0.2415625 0.22 0.065625
0 0.7866666666666666 0.255625 0.10333333333333333 0.0725
0 0.8720833333333333 0.3209375 0.12083333333333333 0.090625
0 0.775 0.3296875 0.1 0.069375
0 0.6229166666666667 0.3484375 0.3775 0.150625
0 0.7758333333333334 0.4403125 0.4483333333333333 0.129375
0 0.8229166666666666 0.695625 0.3541666666666667 0.35625
0 0.5075 0.741875 0.31333333333333335 0.365
0 0.18625 0.704375 0.29583333333333334 0.39375
0 0.22791666666666666 0.52625 0.20083333333333334 0.20375
0 0.39125 0.5178125 0.23083333333333333 0.224375
0 0.23583333333333334 0.349375 0.345 0.10125
0 0.4041666666666667 0.26625 0.275 0.09125
0 0.085 0.2528125 0.14666666666666667 0.134375
0 0.03375 0.3796875 0.06583333333333333 0.151875
0 0.92125 0.553125 0.1575 0.17
