0 0.67 0.6507311586051744 0.38 0.2980877390326209
0 0.533 0.7919010123734533 0.286 0.35095613048368957
0 0.26 0.6721034870641169 0.376 0.3025871766029246
0 0.475 0.11136107986501688 0.214 0.16197975253093364
0 0.618 0.30539932508436446 0.2 0.19910011248593926
0 0.426 0.19291338582677164 0.248 0.08661417322834646
0 0.414 0.25365579302587177 0.248 0.12710911136107986
0 0.576 0.421822272215973 0.324 0.15073115860517436
0 0.388 0.49437570303712036 0.5 0.11136107986501688
0 0.137 0.25196850393700787 0.266 0.0922384701912261
0 0.299 0.3014623172103487 0.362 0.08323959505061868
0 0.214 0.35039370078740156 0.424 0.07536557930258718
0 0.214 0.4448818897637795 0.424 0.12485939257592801
