0 0.18333333333333332 0.7021875 0.3 0.394375
0 0.5216666666666666 0.726875 0.315 0.37
0 0.8275 0.6959375 0.345 0.376875
0 0.3983333333333333 0.52375 0.22666666666666666 0.22875
0 0.21791666666666668 0.5275 0.19083333333333333 0.22375
0 0.24083333333333334 0.343125 0.3283333333333333 0.10125
0 0.029583333333333333 0.366875 0.05416666666666667 0.12875
0 0.07708333333333334 0.245625 0.14916666666666667 0.14875
0 0.775 0.449375 0.43 0.13375
0 0.3854166666666667 0.2715625 0.2575 0.084375
0 0.5941666666666666 0.2353125 0.21 0.068125
0 0.7895833333333333 0.25 0.09916666666666667 0.08875
0 0.8704166666666666 0.319375 0.11416666666666667 0.0925
0 0.7675 0.3309375 0.11333333333333333 0.078125
0 0.6154166666666666 0.36125 0.3975 0.1725
0 0.9083333333333333 0.5534375 0.18333333333333332 0.195625
