0 0.4570754716981132 0.6148936170212767 0.27075471698113207 0.5971631205673759
0 0.6900943396226416 0.7219858156028369 0.44245283018867926 0.47375886524822697
0 0.8066037735849056 0.775886524822695 0.38113207547169814 0.43120567375886526
0 0.7141509433962264 0.3475177304964539 0.23018867924528302 0.4056737588652482
0 0.9495283018867925 0.4276595744680851 0.1009433962264151 0.2652482269503546
0 0.8594339622641509 0.35815602836879434 0.17169811320754716 0.2624113475177305
0 0.20235849056603775 0.5106382978723404 0.1330188679245283 0.4879432624113475
0 0.060849056603773585 0.6042553191489362 0.1179245283018868 0.5758865248226951
0 0.47594339622641507 0.3120567375886525 0.2632075471698113 0.2695035460992908
0 0.20471698113207548 0.21205673758865248 0.17169811320754716 0.23120567375886525
0 0.3466981132075472 0.15460992907801419 0.25 0.19858156028368795
