0 0.19907407407407407 0.7027777777777777 0.2814814814814815 0.5138888888888888
0 0.4152777777777778 0.5631944444444444 0.2564814814814815 0.5152777777777777
0 0.8425925925925926 0.47638888888888886 0.29814814814814816 0.4777777777777778
0 0.4615740740740741 0.35833333333333334 0.275 0.22777777777777777
0 0.16296296296296298 0.3347222222222222 0.27037037037037037 0.37777777777777777
0 0.30462962962962964 0.1375 0.23333333333333334 0.25833333333333336
0 0.4888888888888889 0.22847222222222222 0.22037037037037038 0.44583333333333336
0 0.6537037037037037 0.3923611111111111 0.2462962962962963 0.5263888888888889
0 0.6069444444444444 0.09166666666666666 0.15462962962962962 0.13333333333333333
0 0.8041666666666667 0.11875 0.1638888888888889 0.2263888888888889
