0 0.6682539682539682 0.7681159420289855 0.2507936507936508 0.463768115942029
0 0.4253968253968254 0.7681159420289855 0.20952380952380953 0.463768115942029
0 0.11904761904761904 0.7294685990338164 0.21904761904761905 0.5410628019323671
0 0.22698412698412698 0.1956521739130435 0.23809523809523808 0.30434782608695654
0 0.3047619047619048 0.427536231884058 0.23492063492063492 0.4782608695652174
0 0.5365079365079365 0.4855072463768116 0.31746031746031744 0.26570048309178745
0 0.8761904761904762 0.5628019323671497 0.24761904761904763 0.4492753623188406
0 0.5619047619047619 0.25120772946859904 0.39365079365079364 0.34782608695652173
0 0.6507936507936508 0.15942028985507245 0.17777777777777778 0.12560386473429952
0 0.873015873015873 0.2584541062801932 0.25396825396825395 0.28502415458937197
