0 0.7546296296296297 0.44382716049382714 0.17592592592592593 0.4283950617283951
0 0.7537037037037037 0.2716049382716049 0.24074074074074073 0.16296296296296298
0 0.6722222222222223 0.21728395061728395 0.1814814814814815 0.07901234567901234
0 0.5916666666666667 0.16666666666666666 0.05555555555555555 0.09876543209876543
0 0.6087962962962963 0.2814814814814815 0.08425925925925926 0.1654320987654321
0 0.5328703703703703 0.2802469135802469 0.09907407407407408 0.1506172839506173
0 0.449537037037037 0.13148148148148148 0.0787037037037037 0.10740740740740741
0 0.5393518518518519 0.09938271604938272 0.03611111111111111 0.04567901234567901
0 0.5708333333333333 0.10432098765432099 0.019444444444444445 0.03827160493827161
0 0.600462962962963 0.10123456790123457 0.026851851851851852 0.044444444444444446
0 0.5152777777777777 0.10925925925925926 0.025 0.05555555555555555
0 0.42916666666666664 0.2234567901234568 0.08425925925925926 0.15308641975308643
0 0.5208333333333334 0.47469135802469137 0.36574074074074076 0.4160493827160494
0 0.324537037037037 0.3388888888888889 0.08981481481481482 0.3765432098765432
0 0.1736111111111111 0.3888888888888889 0.2490740740740741 0.4123456790123457
0 0.05555555555555555 0.4388888888888889 0.10555555555555556 0.38395061728395063
