0 0.48009259259259257 0.7294270833333333 0.4324074074074074 0.5296875
0 0.7583333333333333 0.6786458333333333 0.4148148148148148 0.49895833333333334
0 0.8342592592592593 0.39609375 0.3314814814814815 0.24635416666666668
0 0.5037037037037037 0.30625 0.3648148148148148 0.18645833333333334
0 0.9046296296296297 0.25703125 0.19074074074074074 0.1828125
0 0.700462962962963 0.20130208333333333 0.27314814814814814 0.16510416666666666
0 0.799074074074074 0.14166666666666666 0.20925925925925926 0.08854166666666667
0 0.9421296296296297 0.15598958333333332 0.11574074074074074 0.1328125
0 0.7027777777777777 0.07213541666666666 0.32592592592592595 0.08385416666666666
0 0.5254629629629629 0.044270833333333336 0.11388888888888889 0.075
0 0.3699074074074074 0.03411458333333333 0.2212962962962963 0.0609375
0 0.4898148148148148 0.12109375 0.3814814814814815 0.07760416666666667
0 0.4671296296296296 0.17994791666666668 0.1675925925925926 0.1515625
0 0.28935185185185186 0.22916666666666666 0.325 0.18333333333333332
0 0.3476851851851852 0.09869791666666666 0.2675925925925926 0.07760416666666667
0 0.1550925925925926 0.10442708333333334 0.2564814814814815 0.1203125
0 0.12222222222222222 0.4609375 0.2388888888888889 0.396875
0 0.06342592592592593 0.2421875 0.10092592592592593 0.078125
