0 0.15895061728395063 0.19900497512437812 0.3055555555555556 0.1890547263681592
0 0.13271604938271606 0.3358208955223881 0.24691358024691357 0.24378109452736318
0 0.14660493827160495 0.7064676616915423 0.27469135802469136 0.5771144278606966
0 0.3117283950617284 0.49502487562189057 0.16666666666666666 0.4228855721393035
0 0.38117283950617287 0.34328358208955223 0.10185185185185185 0.27860696517412936
0 0.4722222222222222 0.24129353233830847 0.12962962962962962 0.24378109452736318
0 0.4182098765432099 0.1044776119402985 0.08950617283950617 0.13930348258706468
0 0.6157407407407407 0.10199004975124377 0.12654320987654322 0.15422885572139303
0 0.9058641975308642 0.11194029850746269 0.18209876543209877 0.12437810945273632
0 0.8811728395061729 0.3333333333333333 0.1388888888888889 0.4577114427860697
0 0.7808641975308642 0.2810945273631841 0.19135802469135801 0.39303482587064675
0 0.6666666666666666 0.41044776119402987 0.17901234567901234 0.5323383084577115
0 0.7685185185185185 0.7263681592039801 0.20987654320987653 0.5373134328358209
0 0.6049382716049383 0.6766169154228856 0.1111111111111111 0.6169154228855721
0 0.4444444444444444 0.6666666666666666 0.20987654320987653 0.6567164179104478
