0 0.315234375 0.83125 0.21484375 0.3333333333333333
0 0.964453125 0.6786458333333333 0.07109375 0.24270833333333333
0 0.836328125 0.5671875 0.21953125 0.15729166666666666
0 0.87890625 0.5088541666666667 0.14375 0.140625
0 0.7921875 0.4171875 0.1546875 0.11354166666666667
0 0.680078125 0.596875 0.09609375 0.1875
0 0.656640625 0.5234375 0.16015625 0.18020833333333333
0 0.577734375 0.44114583333333335 0.07421875 0.10729166666666666
0 0.506640625 0.4359375 0.05703125 0.08020833333333334
0 0.453515625 0.4484375 0.05859375 0.07395833333333333
0 0.52421875 0.5270833333333333 0.146875 0.13333333333333333
0 0.447265625 0.5875 0.23046875 0.15
0 0.339453125 0.4109375 0.05859375 0.07604166666666666
0 0.298828125 0.4473958333333333 0.11796875 0.06145833333333333
0 0.366796875 0.4822916666666667 0.12578125 0.08333333333333333
0 0.265625 0.5177083333333333 0.1390625 0.15625
0 0.11640625 0.5390625 0.1390625 0.13020833333333334
0 0.1953125 0.671875 0.28125 0.22291666666666668
