0 0.42604166666666665 0.2111111111111111 0.09652777777777778 0.1685185185185185
0 0.7506944444444444 0.29074074074074074 0.13472222222222222 0.1925925925925926
0 0.9649305555555555 0.562962962962963 0.07013888888888889 0.2796296296296296
0 0.803125 0.46064814814814814 0.17152777777777778 0.13055555555555556
0 0.6670138888888889 0.38425925925925924 0.20902777777777778 0.14814814814814814
0 0.20520833333333333 0.3074074074074074 0.11458333333333333 0.2037037037037037
0 0.17048611111111112 0.2875 0.22430555555555556 0.2638888888888889
0 0.48020833333333335 0.4050925925925926 0.21319444444444444 0.16574074074074074
0 0.3819444444444444 0.37175925925925923 0.20833333333333334 0.175
0 0.24375 0.41435185185185186 0.21944444444444444 0.2490740740740741
0 0.12986111111111112 0.7587962962962963 0.21944444444444444 0.4546296296296296
0 0.2760416666666667 0.7291666666666666 0.1951388888888889 0.5175925925925926
0 0.49027777777777776 0.887962962962963 0.33194444444444443 0.2074074074074074
0 0.9010416666666666 0.6449074074074074 0.13680555555555557 0.24351851851851852
0 0.7708333333333334 0.6310185185185185 0.20277777777777778 0.3972222222222222
0 0.6784722222222223 0.6356481481481482 0.24861111111111112 0.4212962962962963
0 0.5642361111111112 0.638425925925926 0.2465277777777778 0.36574074074074076
0 0.43472222222222223 0.6277777777777778 0.27361111111111114 0.4351851851851852
