0 0.8461538461538461 0.6682027649769585 0.23411371237458195 0.6359447004608295
0 0.9565217391304348 0.3686635944700461 0.08695652173913043 0.5161290322580645
0 0.8411371237458194 0.26497695852534564 0.1505016722408027 0.2350230414746544
0 0.677257525083612 0.5230414746543779 0.27759197324414714 0.631336405529954
0 0.5702341137123745 0.2557603686635945 0.19732441471571907 0.3087557603686636
0 0.4331103678929766 0.3824884792626728 0.18394648829431437 0.4147465437788018
0 0.27759197324414714 0.35944700460829493 0.20066889632107024 0.4423963133640553
0 0.1505016722408027 0.35253456221198154 0.2608695652173913 0.3456221198156682
0 0.1806020066889632 0.6751152073732719 0.35451505016722407 0.6405529953917051
0 0.38127090301003347 0.11290322580645161 0.20735785953177258 0.21658986175115208
0 0.15551839464882944 0.10599078341013825 0.19732441471571907 0.20276497695852536
