0 0.49541666666666667 0.668125 0.3875 0.62375
0 0.36833333333333335 0.28 0.16833333333333333 0.235
0 0.19875 0.2375 0.11583333333333333 0.245
0 0.7441666666666666 0.343125 0.28833333333333333 0.27625
0 0.8975 0.245 0.06 0.11
0 0.6845833333333333 0.193125 0.2225 0.12625
0 0.45375 0.126875 0.07583333333333334 0.17625
0 0.52125 0.126875 0.09916666666666667 0.16125
0 0.6116666666666667 0.0775 0.12166666666666667 0.11
0 0.7670833333333333 0.121875 0.15083333333333335 0.11875
0 0.8495833333333334 0.1175 0.13583333333333333 0.1475
