0 0.5699074074074074 0.5875 0.4935185185185185 0.3763888888888889
0 0.41944444444444445 0.8645833333333334 0.8277777777777777 0.2708333333333333
0 0.9513888888888888 0.6861111111111111 0.09722222222222222 0.28888888888888886
0 0.7439814814814815 0.5246527777777777 0.4009259259259259 0.28680555555555554
0 0.19953703703703704 0.6274305555555556 0.3435185185185185 0.32569444444444445
0 0.1361111111111111 0.38784722222222223 0.21481481481481482 0.1909722222222222
0 0.725 0.31006944444444445 0.2462962962962963 0.21041666666666667
0 0.9305555555555556 0.33958333333333335 0.1388888888888889 0.12083333333333333
0 0.42314814814814816 0.30694444444444446 0.12407407407407407 0.1527777777777778
0 0.29305555555555557 0.29375 0.10648148148148148 0.13472222222222222
0 0.3962962962962963 0.21597222222222223 0.19814814814814816 0.06805555555555555
0 0.18888888888888888 0.234375 0.2833333333333333 0.16458333333333333
0 0.5185185185185185 0.18055555555555555 0.1537037037037037 0.07222222222222222
0 0.6032407407407407 0.21041666666666667 0.11574074074074074 0.06388888888888888
0 0.2263888888888889 0.21597222222222223 0.08796296296296297 0.18055555555555555
0 0.07777777777777778 0.1798611111111111 0.1111111111111111 0.11527777777777778
0 0.3814814814814815 0.175 0.22037037037037038 0.07361111111111111
