0 0.841692789968652 0.4317073170731707 0.21003134796238246 0.22926829268292684
0 0.8181818181818182 0.6390243902439025 0.31974921630094044 0.4975609756097561
0 0.6959247648902821 0.7024390243902439 0.16300940438871472 0.4585365853658537
0 0.7163009404388715 0.23414634146341465 0.13479623824451412 0.2634146341463415
0 0.5862068965517241 0.2634146341463415 0.15047021943573669 0.34146341463414637
0 0.36990595611285265 0.21707317073170732 0.31974921630094044 0.3073170731707317
0 0.3573667711598746 0.4073170731707317 0.30094043887147337 0.25853658536585367
0 0.09247648902821316 0.3878048780487805 0.1724137931034483 0.45365853658536587
0 0.18808777429467086 0.6609756097560976 0.2006269592476489 0.5121951219512195
0 0.384012539184953 0.6414634146341464 0.21630094043887146 0.5609756097560976
0 0.5532915360501567 0.6146341463414634 0.1724137931034483 0.5073170731707317
