0 0.7863568215892054 0.738 0.424287856071964 0.524
0 0.7661169415292354 0.5 0.2098950524737631 0.36
0 0.7923538230884558 0.363 0.13943028485757122 0.194
0 0.9017991004497751 0.384 0.19640179910044978 0.304
0 0.7503748125937032 0.231 0.13343328335832083 0.134
0 0.5862068965517241 0.257 0.24287856071964017 0.15
0 0.5644677661169415 0.484 0.15742128935532235 0.44
0 0.5667166416791605 0.167 0.08395802098950525 0.102
0 0.49025487256371814 0.179 0.05997001499250375 0.062
0 0.3793103448275862 0.204 0.17691154422788605 0.128
0 0.3868065967016492 0.264 0.09295352323838081 0.16
0 0.22788605697151423 0.233 0.18590704647676162 0.182
0 0.06671664167916042 0.378 0.0944527736131934 0.184
0 0.335832083958021 0.368 0.16491754122938532 0.2
0 0.25262368815592207 0.488 0.16041979010494753 0.348
0 0.3868065967016492 0.557 0.2518740629685157 0.434
0 0.16041979010494753 0.635 0.2158920539730135 0.398
0 0.4107946026986507 0.853 0.22188905547226387 0.294
0 0.09820089955022489 0.835 0.1874062968515742 0.33
