0 0.6725 0.7609238451935081 0.32666666666666666 0.4756554307116105
0 0.87125 0.8208489388264669 0.2575 0.35830212234706615
0 0.9004166666666666 0.6729088639200999 0.19916666666666666 0.299625468164794
0 0.9254166666666667 0.44818976279650435 0.14916666666666667 0.29712858926342073
0 0.7179166666666666 0.5255930087390761 0.2775 0.1647940074906367
0 0.7970833333333334 0.3595505617977528 0.14583333333333334 0.13982521847690388
0 0.7570833333333333 0.2515605493133583 0.1925 0.09612983770287141
0 0.6308333333333334 0.18851435705368288 0.10333333333333333 0.06491885143570537
0 0.48125 0.6054931335830213 0.20583333333333334 0.5118601747815231
0 0.31166666666666665 0.5730337078651685 0.3283333333333333 0.36953807740324596
0 0.26166666666666666 0.4581772784019975 0.115 0.09737827715355805
0 0.15708333333333332 0.5343320848938826 0.1425 0.28714107365792757
0 0.20333333333333334 0.3464419475655431 0.13333333333333333 0.14856429463171036
0 0.25708333333333333 0.22659176029962547 0.1125 0.14856429463171036
0 0.35583333333333333 0.2153558052434457 0.09666666666666666 0.10112359550561797
0 0.37833333333333335 0.33208489388264667 0.12 0.17228464419475656
0 0.5575 0.3595505617977528 0.215 0.21972534332084895
0 0.49416666666666664 0.20848938826466917 0.13166666666666665 0.11485642946317104
0 0.6008333333333333 0.2590511860174782 0.10833333333333334 0.0686641697877653
0 0.6829166666666666 0.3782771535580524 0.09416666666666666 0.09238451935081149
