0 0.962109375 0.6828125 0.07578125 0.24479166666666666
0 0.835546875 0.58125 0.22890625 0.18541666666666667
0 0.8921875 0.50625 0.15625 0.125
0 0.791796875 0.41822916666666665 0.14296875 0.11145833333333334
0 0.676953125 0.6135416666666667 0.10234375 0.17916666666666667
0 0.3046875 0.8276041666666667 0.2265625 0.31354166666666666
0 0.187109375 0.6651041666666667 0.27734375 0.18020833333333333
0 0.128125 0.5385416666666667 0.1203125 0.14791666666666667
0 0.337890625 0.4088541666666667 0.07109375 0.08854166666666667
0 0.128125 0.5385416666666667 0.1203125 0.14791666666666667
0 0.265234375 0.5260416666666666 0.12265625 0.14583333333333334
0 0.30625 0.4505208333333333 0.125 0.08854166666666667
0 0.367578125 0.4817708333333333 0.11953125 0.09895833333333333
0 0.46171875 0.5875 0.2203125 0.16458333333333333
0 0.515625 0.5296875 0.1453125 0.13020833333333334
0 0.458203125 0.44635416666666666 0.05703125 0.08854166666666667
0 0.504296875 0.4354166666666667 0.05078125 0.0875
0 0.572265625 0.45 0.06328125 0.11458333333333333
0 0.661328125 0.5015625 0.16953125 0.14270833333333333
