0 0.9076137418755803 0.45766871165644174 0.17363045496750232 0.18895705521472392
0 0.7474466109563602 0.4092024539877301 0.06128133704735376 0.18036809815950922
0 0.8333333333333334 0.3558282208588957 0.14206128133704735 0.10797546012269939
0 0.914577530176416 0.2852760736196319 0.1244196843082637 0.08711656441717791
0 0.9503249767873724 0.2570552147239264 0.09935004642525534 0.07730061349693251
0 0.8857938718662952 0.21226993865030674 0.09842154131847725 0.07116564417177915
0 0.8119777158774373 0.22576687116564417 0.13463324048282266 0.051533742331288344
0 0.8463324048282266 0.3 0.1532033426183844 0.06257668711656442
0 0.8068709377901578 0.2650306748466258 0.14113277623026926 0.0687116564417178
0 0.7144846796657381 0.1668711656441718 0.10492107706592387 0.0392638036809816
0 0.7200557103064067 0.2049079754601227 0.060352831940575676 0.049079754601226995
0 0.712627669452182 0.26380368098159507 0.07520891364902507 0.10797546012269939
0 0.6532033426183844 0.22760736196319017 0.039925719591457756 0.1165644171779141
0 0.61652739090065 0.21226993865030674 0.03714020427112349 0.09570552147239264
0 0.5728876508820798 0.21042944785276074 0.055710306406685235 0.06503067484662577
0 0.5222841225626741 0.18957055214723925 0.060352831940575676 0.05521472392638037
0 0.574744661095636 0.2625766871165644 0.06870937790157845 0.12269938650306748
0 0.49164345403899723 0.24539877300613497 0.10677808727948004 0.12515337423312883
0 0.3904363974001857 0.2803680981595092 0.09563602599814298 0.13374233128834356
0 0.3180129990714949 0.254601226993865 0.07149489322191271 0.11411042944785275
0 0.5738161559888579 0.3895705521472393 0.07799442896935933 0.15337423312883436
0 0.680594243268338 0.49141104294478527 0.08170844939647168 0.18527607361963191
0 0.6420612813370473 0.6159509202453988 0.1532033426183844 0.12515337423312883
0 0.6662024141132776 0.6932515337423313 0.30547818012999073 0.13496932515337423
0 0.04874651810584958 0.42822085889570555 0.09377901578458682 0.19386503067484662
0 0.22376973073351902 0.3932515337423313 0.21541318477251625 0.16319018404907976
0 0.5185701021355618 0.4662576687116564 0.11977715877437325 0.18895705521472392
0 0.42293407613741874 0.4294478527607362 0.0882079851439183 0.14969325153374233
0 0.1202414113277623 0.5484662576687117 0.1829155060352832 0.17668711656441718
0 0.30687093779015784 0.5098159509202455 0.16434540389972144 0.1754601226993865
0 0.3073351903435469 0.4368098159509202 0.1541318477251625 0.13006134969325153
0 0.3435468895078923 0.6073619631901841 0.07242339832869081 0.19877300613496932
0 0.41736304549675024 0.5815950920245399 0.08635097493036212 0.252760736196319
0 0.5013927576601671 0.5840490797546012 0.08170844939647168 0.252760736196319
0 0.2678737233054782 0.7337423312883435 0.24419684308263695 0.35337423312883437
