0 0.3954166666666667 0.3524229074889868 0.0875 0.17327459618208516
0 0.6775 0.38839941262848754 0.09166666666666666 0.2011747430249633
0 0.7908333333333334 0.4111600587371512 0.09666666666666666 0.18502202643171806
0 0.9545833333333333 0.5976505139500734 0.09083333333333334 0.19970631424375918
0 0.94875 0.8751835535976505 0.1025 0.23201174743024963
0 0.8245833333333333 0.6027900146842878 0.0775 0.3039647577092511
0 0.6570833333333334 0.5881057268722467 0.1475 0.2834067547723935
0 0.77 0.7430249632892805 0.13833333333333334 0.4023494860499266
0 0.6241666666666666 0.8649045521292217 0.11 0.2701908957415565
0 0.5441666666666667 0.6123348017621145 0.13833333333333334 0.34948604992657856
0 0.31333333333333335 0.27973568281938327 0.06833333333333333 0.07782672540381791
0 0.27291666666666664 0.3333333333333333 0.09083333333333334 0.1027900146842878
0 0.20041666666666666 0.355359765051395 0.1275 0.11160058737151249
0 0.17166666666666666 0.3986784140969163 0.04666666666666667 0.13069016152716592
0 0.06833333333333333 0.4434654919236417 0.115 0.11160058737151249
0 0.2075 0.49632892804698975 0.14 0.1145374449339207
0 0.43625 0.6930983847283406 0.1225 0.24669603524229075
0 0.39708333333333334 0.8994126284875184 0.2675 0.18649045521292218
0 0.5275 0.8795888399412628 0.08333333333333333 0.24082232011747431
0 0.7479166666666667 0.9170337738619677 0.11916666666666667 0.16593245227606462
0 0.27166666666666667 0.8370044052863436 0.27166666666666667 0.302496328928047
0 0.22833333333333333 0.7041116005873715 0.25833333333333336 0.315712187958884
0 0.10958333333333334 0.6688693098384728 0.2175 0.2540381791483113
